task_performance point_to_horizontal_plane 
0.187209 6.94611e-310 -0.281708 1.14178e+243 
0.174008 -0.783035 -0.263082 1.18387 
0.159045 -0.715704 -0.240388 1.08175 
0.145368 -0.654158 -0.219656 0.988452 
0.132866 -0.597898 -0.200714 0.903214 
0.121438 -0.546472 -0.183408 0.825334 
0.110992 -0.499462 -0.167594 0.754174 
0.101442 -0.456489 -0.153145 0.689151 
0.0927124 -0.417206 -0.139941 0.629733 
0.0847324 -0.381296 -0.127874 0.575434 
0.0774376 -0.348469 -0.116847 0.52581 
0.0707693 -0.318462 -0.106769 0.48046 
0.0646741 -0.291033 -0.0975589 0.439015 
0.0591028 -0.265963 -0.0891421 0.401139 
0.0540107 -0.243048 -0.0814505 0.366527 
0.0493567 -0.222105 -0.0744219 0.334899 
0.0451033 -0.202965 -0.0679994 0.305998 
0.0412161 -0.185473 -0.0621309 0.279589 
0.0376637 -0.169487 -0.0567688 0.255459 
0.0344172 -0.154878 -0.0518693 0.233412 
0.0314505 -0.141527 -0.0473927 0.213267 
0.0287393 -0.129327 -0.0433025 0.194861 
0.0262617 -0.118178 -0.0395653 0.178044 
0.0239976 -0.107989 -0.0361507 0.162678 
0.0219286 -0.0986789 -0.0330308 0.148638 
0.020038 -0.0901709 -0.0301801 0.135811 
0.0183102 -0.0823961 -0.0275756 0.12409 
0.0167314 -0.0752914 -0.0251958 0.113381 
0.0152887 -0.0687991 -0.0230214 0.103596 
0.0139703 -0.0628664 -0.0210346 0.0946557 
0.0127656 -0.0574451 -0.0192193 0.0864869 
0.0116647 -0.0524911 -0.0175607 0.079023 
0.0106587 -0.0479641 -0.0160451 0.0722031 
0.00973943 -0.0438274 -0.0146604 0.0659718 
0.00889942 -0.0400474 -0.0133951 0.0602781 
0.00813181 -0.0365932 -0.0122391 0.0550758 
0.00743039 -0.0334368 -0.0111827 0.0503223 
0.00678944 -0.0305525 -0.0102175 0.045979 
0.00620375 -0.0279169 -0.00933563 0.0420104 
0.00566855 -0.0255085 -0.00852982 0.0383842 
0.0051795 -0.0233077 -0.00779352 0.0350709 
0.00473261 -0.0212967 -0.00712075 0.0320434 
0.00432425 -0.0194591 -0.00650603 0.0292771 
0.0039511 -0.01778 -0.00594434 0.0267495 
0.00361012 -0.0162456 -0.00543111 0.02444 
0.00329855 -0.0148435 -0.00496215 0.0223297 
0.00301384 -0.0135623 -0.00453366 0.0204015 
0.00274127 -0.0123357 -0.00412347 0.0185556 
0.00250461 -0.0112707 -0.00376732 0.016953 
0.00228835 -0.0102976 -0.00344191 0.0154886 
0.00209074 -0.00940835 -0.00314456 0.0141505 
0.00191018 -0.00859579 -0.00287287 0.0129279 
0.00174518 -0.00785329 -0.00262462 0.0118108 
0.0015944 -0.00717482 -0.00239778 0.01079 
0.00145663 -0.00655484 -0.00219051 0.00985731 
0.00133074 -0.00598832 -0.00200113 0.00900506 
0.0012157 -0.00547066 -0.00182808 0.00822634 
0.00111059 -0.00499764 -0.00166995 0.00751479 
0.00101453 -0.0045654 -0.00152547 0.00686462 
0.000926762 -0.00417043 -0.00139345 0.00627055 
0.000842737 -0.00379231 -0.00126708 0.00570184 
0.00076978 -0.00346401 -0.00115735 0.00520807 
0.000703114 -0.00316401 -0.00105709 0.00475689 
0.000642197 -0.00288988 -0.000965476 0.00434464 
0.000586531 -0.00263939 -0.000881767 0.00396795 
0.000535666 -0.0024105 -0.000805279 0.00362376 
0.000489189 -0.00220135 -0.000735389 0.00330925 
0.000446719 -0.00201023 -0.000671528 0.00302188 
0.00040791 -0.0018356 -0.000613177 0.00275929 
0.000372448 -0.00167602 -0.000559858 0.00251936 
0.000340043 -0.00153019 -0.00051114 0.00230013 
0.000310433 -0.00139695 -0.000466624 0.00209981 
0.000283378 -0.0012752 -0.000425948 0.00191677 
0.000258655 -0.00116395 -0.000388781 0.00174951 
0.000236063 -0.00106228 -0.00035482 0.00159669 
0.00021542 -0.000969389 -0.000323789 0.00145705 
0.000196555 -0.000884498 -0.000295435 0.00132946 
0.000179318 -0.000806932 -0.000269527 0.00121287 
0.000163569 -0.000736063 -0.000245853 0.00110634 
0.000149177 -0.000671298 -0.000224221 0.001009 
0.000136026 -0.000612118 -0.000204456 0.000920054 
0.000124009 -0.000558041 -0.000186396 0.000838782 
0.000113027 -0.000508621 -0.000169894 0.000764523 
0.000102993 -0.000463468 -0.000154815 0.000696669 
9.38258e-05 -0.000422216 -0.000141037 0.000634666 
8.54477e-05 -0.000384515 -0.000128448 0.000578014 
7.77921e-05 -0.000350065 -0.000116944 0.000526248 
7.07953e-05 -0.000318579 -0.000106433 0.00047895 
6.44031e-05 -0.000289814 -9.68289e-05 0.00043573 
5.85637e-05 -0.000263537 -8.80525e-05 0.000396236 
5.32264e-05 -0.000239519 -8.00337e-05 0.000360152 
4.83494e-05 -0.000217572 -7.27067e-05 0.00032718 
4.38929e-05 -0.000197518 -6.60116e-05 0.000297052 
3.98194e-05 -0.000179187 -5.98944e-05 0.000269525 
3.59224e-05 -0.000161651 -5.40378e-05 0.00024317 
3.25362e-05 -0.000146413 -4.89535e-05 0.000220291 
2.94433e-05 -0.000132495 -4.43075e-05 0.000199384 
2.66186e-05 -0.000119784 -4.00619e-05 0.000180278 
2.40361e-05 -0.000108163 -3.61828e-05 0.000162823 
2.16763e-05 -9.75434e-05 -3.26386e-05 0.000146874 
1.95201e-05 -8.78405e-05 -2.93999e-05 0.0001323 
1.75483e-05 -7.89674e-05 -2.64409e-05 0.000118984 
1.57494e-05 -7.08725e-05 -2.37365e-05 0.000106814 
1.41043e-05 -6.34694e-05 -2.12658e-05 9.5696e-05 
1.2601e-05 -5.67046e-05 -1.90083e-05 8.55374e-05 
1.12274e-05 -5.05234e-05 -1.69454e-05 7.62545e-05 
9.97084e-06 -4.48688e-05 -1.50608e-05 6.77737e-05 
8.82396e-06 -3.97078e-05 -1.33385e-05 6.00233e-05 
7.7775e-06 -3.49987e-05 -1.17643e-05 5.29396e-05 
6.81991e-06 -3.06896e-05 -1.03264e-05 4.64686e-05 
5.94485e-06 -2.67518e-05 -9.01256e-06 4.05565e-05 
5.14539e-06 -2.31542e-05 -7.81193e-06 3.51537e-05 
