task_performance point_to_2_planes 
0.159228 6.94402e-310 -0.261797 6.94402e-310 
0.159228 -0.477685 -0.261797 0.785391 
0.159101 -0.477304 -0.261618 0.784853 
0.158564 -0.475692 -0.260767 0.782301 
0.157693 -0.473079 -0.259557 0.778672 
0.156764 -0.470293 -0.258111 0.774332 
0.155828 -0.467483 -0.256563 0.76969 
0.155361 -0.466084 -0.255793 0.76738 
0.154433 -0.463298 -0.254261 0.762783 
0.15351 -0.460529 -0.252738 0.758213 
0.152592 -0.457776 -0.251223 0.75367 
0.151226 -0.453677 -0.248969 0.746907 
0.150322 -0.450965 -0.247477 0.742432 
0.148976 -0.446928 -0.245257 0.73577 
0.148085 -0.444256 -0.243787 0.731362 
0.147642 -0.442926 -0.243056 0.729168 
0.1472 -0.4416 -0.242327 0.72698 
0.14632 -0.438961 -0.240875 0.722625 
0.145446 -0.436337 -0.239432 0.718296 
0.144576 -0.433728 -0.237998 0.713993 
0.143712 -0.431135 -0.236572 0.709715 
0.143282 -0.429845 -0.235862 0.707586 
0.142853 -0.428558 -0.235154 0.705463 
0.142425 -0.427275 -0.234449 0.703347 
0.141999 -0.425996 -0.233746 0.701237 
0.14115 -0.423449 -0.232345 0.697036 
0.140727 -0.422182 -0.231648 0.694945 
0.140306 -0.420918 -0.230953 0.69286 
0.139467 -0.418402 -0.22957 0.688709 
0.13905 -0.417149 -0.228881 0.686643 
0.138633 -0.4159 -0.228194 0.684583 
0.138218 -0.414655 -0.22751 0.68253 
0.137392 -0.412176 -0.226147 0.678441 
0.136981 -0.410943 -0.225469 0.676406 
0.136571 -0.409712 -0.224792 0.674377 
0.135348 -0.406044 -0.222775 0.668326 
0.134136 -0.402408 -0.220776 0.662329 
0.132935 -0.398805 -0.218795 0.656386 
0.132537 -0.397611 -0.218139 0.654417 
0.13214 -0.39642 -0.217485 0.652454 
0.131744 -0.395233 -0.216832 0.650497 
0.130957 -0.39287 -0.215533 0.6466 
0.130174 -0.390522 -0.214242 0.642727 
0.129396 -0.388187 -0.212959 0.638877 
0.128622 -0.385866 -0.211683 0.635049 
0.127853 -0.383559 -0.210415 0.631245 
0.127089 -0.381266 -0.209155 0.627464 
0.126329 -0.378986 -0.207902 0.623705 
0.12595 -0.377851 -0.207278 0.621834 
0.125197 -0.375592 -0.206036 0.618109 
0.124823 -0.374468 -0.205418 0.616255 
0.124076 -0.372229 -0.204188 0.612563 
0.123334 -0.370003 -0.202965 0.608894 
0.122597 -0.367791 -0.201749 0.605247 
0.121864 -0.365592 -0.20054 0.601621 
0.121499 -0.364497 -0.199939 0.599816 
0.121135 -0.363406 -0.199339 0.598017 
0.120773 -0.362318 -0.198741 0.596223 
0.120411 -0.361233 -0.198145 0.594435 
0.12005 -0.360151 -0.197551 0.592652 
0.118975 -0.356926 -0.195778 0.587335 
0.118264 -0.354792 -0.194605 0.583816 
0.117557 -0.35267 -0.19344 0.580319 
0.116504 -0.349512 -0.191704 0.575113 
0.115807 -0.347422 -0.190556 0.571668 
0.115115 -0.345344 -0.189414 0.568243 
0.114426 -0.343279 -0.18828 0.56484 
0.114084 -0.342252 -0.187715 0.563145 
0.113402 -0.340205 -0.186591 0.559772 
0.112724 -0.338171 -0.185473 0.556419 
0.112049 -0.336148 -0.184362 0.553086 
0.111379 -0.334138 -0.183258 0.549773 
0.110713 -0.33214 -0.18216 0.54648 
0.110051 -0.330154 -0.181069 0.543206 
0.109722 -0.329165 -0.180526 0.541577 
0.109393 -0.32818 -0.179984 0.539953 
0.109066 -0.327197 -0.179444 0.538333 
0.108739 -0.326217 -0.178906 0.536718 
0.108413 -0.32524 -0.178369 0.535108 
0.108089 -0.324266 -0.177834 0.533503 
0.107442 -0.322327 -0.176769 0.530308 
0.1068 -0.3204 -0.17571 0.527131 
0.105843 -0.31753 -0.174134 0.522402 
0.10521 -0.315631 -0.173091 0.519273 
0.104581 -0.313743 -0.172054 0.516162 
0.103956 -0.311867 -0.171024 0.513071 
0.103334 -0.310002 -0.169999 0.509997 
0.103024 -0.309073 -0.169489 0.508468 
0.102408 -0.307225 -0.168474 0.505422 
0.101796 -0.305388 -0.167465 0.502394 
0.101187 -0.303561 -0.166462 0.499385 
0.100884 -0.302652 -0.165962 0.497887 
0.100582 -0.301746 -0.165465 0.496394 
0.100281 -0.300842 -0.164968 0.494905 
0.0999803 -0.299941 -0.164473 0.49342 
0.0996809 -0.299043 -0.16398 0.49194 
0.0987879 -0.296364 -0.162509 0.487527 
0.0981971 -0.294591 -0.161536 0.484607 
0.0976098 -0.292829 -0.160568 0.481704 
0.0967354 -0.290206 -0.159127 0.477382 
0.0961568 -0.28847 -0.158174 0.474523 
0.0958688 -0.287606 -0.1577 0.473099 
0.0952954 -0.285886 -0.156755 0.470266 
0.0947254 -0.284176 -0.155816 0.467449 
0.0941588 -0.282476 -0.154883 0.464649 
0.0935956 -0.280787 -0.153955 0.461865 
0.0930358 -0.279107 -0.153033 0.459099 
0.0924793 -0.277438 -0.152116 0.456349 
0.0919261 -0.275778 -0.151205 0.453615 
0.0913763 -0.274129 -0.150299 0.450898 
0.0908297 -0.272489 -0.149399 0.448197 
0.0902864 -0.270859 -0.148504 0.445513 
0.0897463 -0.269239 -0.147615 0.442844 
0.0894775 -0.268433 -0.147172 0.441516 
0.0892095 -0.267628 -0.14673 0.440191 
0.0889423 -0.266827 -0.14629 0.438871 
0.0886758 -0.266028 -0.145852 0.437555 
0.0884102 -0.265231 -0.145414 0.436242 
0.0878814 -0.263644 -0.144543 0.433629 
0.087094 -0.261282 -0.143246 0.429739 
0.086573 -0.259719 -0.142388 0.427164 
0.0857973 -0.257392 -0.141111 0.423332 
0.0852841 -0.255852 -0.140265 0.420796 
0.0847739 -0.254322 -0.139425 0.418276 
0.0842667 -0.2528 -0.13859 0.41577 
0.0840143 -0.252043 -0.138174 0.414523 
0.0835117 -0.250535 -0.137347 0.41204 
0.0830121 -0.249036 -0.136524 0.409572 
0.0825155 -0.247546 -0.135706 0.407118 
0.0820218 -0.246065 -0.134893 0.40468 
0.0817761 -0.245328 -0.134489 0.403466 
0.0812869 -0.243861 -0.133683 0.401049 
0.0808005 -0.242402 -0.132882 0.398646 
0.0805585 -0.241675 -0.132484 0.397451 
0.0803171 -0.240951 -0.132086 0.396258 
0.0800765 -0.24023 -0.13169 0.39507 
0.0798366 -0.23951 -0.131295 0.393885 
0.079359 -0.238077 -0.130508 0.391525 
0.0788842 -0.236653 -0.129727 0.38918 
0.0784122 -0.235237 -0.12895 0.386849 
0.0779431 -0.233829 -0.128177 0.384531 
0.0772446 -0.231734 -0.127027 0.381081 
0.0767824 -0.230347 -0.126266 0.378798 
0.0765524 -0.229657 -0.125887 0.377662 
0.0760944 -0.228283 -0.125133 0.3754 
0.0756391 -0.226917 -0.124384 0.373151 
0.0751865 -0.22556 -0.123638 0.370915 
0.0747366 -0.22421 -0.122898 0.368693 
0.0742895 -0.222868 -0.122162 0.366485 
0.0738449 -0.221535 -0.12143 0.364289 
0.0734031 -0.220209 -0.120702 0.362107 
0.0729639 -0.218892 -0.119979 0.359938 
0.0727453 -0.218236 -0.119619 0.358858 
0.0725273 -0.217582 -0.119261 0.357782 
0.07231 -0.21693 -0.118903 0.356708 
0.0720933 -0.21628 -0.118546 0.355638 
0.0718773 -0.215632 -0.11819 0.354571 
0.0712331 -0.213699 -0.11713 0.35139 
0.0708069 -0.212421 -0.116428 0.349285 
0.0703832 -0.211149 -0.115731 0.347193 
0.069962 -0.209886 -0.115038 0.345113 
0.0697524 -0.209257 -0.114692 0.344077 
0.0695433 -0.20863 -0.114348 0.343045 
0.0691272 -0.207382 -0.113663 0.34099 
0.0687135 -0.206141 -0.112982 0.338947 
0.0683023 -0.204907 -0.112306 0.336917 
0.0678936 -0.203681 -0.111633 0.334898 
0.0674873 -0.202462 -0.110964 0.332892 
0.0670834 -0.20125 -0.110299 0.330898 
0.066682 -0.200046 -0.109638 0.328915 
0.0662829 -0.198849 -0.108982 0.326945 
0.0660843 -0.198253 -0.108655 0.325964 
0.0658863 -0.197659 -0.108329 0.324986 
0.0656888 -0.197066 -0.108004 0.324011 
0.065492 -0.196476 -0.10768 0.323039 
0.0652957 -0.195887 -0.107357 0.32207 
0.0647104 -0.194131 -0.106393 0.31918 
0.0643232 -0.19297 -0.105756 0.317268 
0.0639382 -0.191815 -0.105122 0.315367 
0.0633651 -0.190095 -0.104179 0.312537 
0.0629859 -0.188958 -0.103555 0.310665 
0.0626089 -0.187827 -0.102935 0.308804 
0.0624213 -0.187264 -0.102626 0.307877 
0.0622342 -0.186703 -0.102318 0.306953 
0.0620477 -0.186143 -0.102011 0.306033 
0.0618617 -0.185585 -0.101705 0.305114 
0.0616763 -0.185029 -0.1014 0.304199 
0.0613072 -0.183922 -0.100792 0.302377 
0.0611235 -0.18337 -0.10049 0.301469 
0.0609403 -0.182821 -0.100188 0.300565 
0.0605755 -0.181727 -0.0995881 0.298764 
0.060394 -0.181182 -0.0992893 0.297868 
0.0600325 -0.180098 -0.0986944 0.296083 
0.0596732 -0.17902 -0.0981031 0.294309 
0.0593161 -0.177948 -0.0975154 0.292546 
0.058961 -0.176883 -0.0969311 0.290793 
0.0586081 -0.175824 -0.0963504 0.289051 
0.0582573 -0.174772 -0.0957731 0.287319 
0.0580827 -0.174248 -0.0954858 0.286457 
0.0579086 -0.173726 -0.0951993 0.285598 
0.0577351 -0.173205 -0.0949137 0.284741 
0.057562 -0.172686 -0.0946289 0.283887 
0.0573895 -0.172169 -0.094345 0.283035 
0.057046 -0.171138 -0.0937797 0.281339 
0.0567046 -0.170114 -0.0932179 0.279654 
0.0565346 -0.169604 -0.0929382 0.278815 
0.0563651 -0.169095 -0.0926593 0.277978 
0.0561962 -0.168589 -0.0923813 0.277144 
0.0560278 -0.168083 -0.0921042 0.276313 
0.0556924 -0.167077 -0.0915523 0.274657 
0.055359 -0.166077 -0.0910038 0.273011 
0.0551931 -0.165579 -0.0907308 0.272192 
0.0548627 -0.164588 -0.0901871 0.270561 
0.0546983 -0.164095 -0.0899166 0.26975 
0.0545343 -0.163603 -0.0896468 0.26894 
0.0543709 -0.163113 -0.0893778 0.268133 
0.0542079 -0.162624 -0.0891097 0.267329 
0.0538834 -0.16165 -0.0885758 0.265727 
0.0535609 -0.160683 -0.088045 0.264135 
0.0532403 -0.159721 -0.0875175 0.262553 
0.0529216 -0.158765 -0.0869931 0.260979 
0.0527629 -0.158289 -0.0867321 0.260196 
0.0524471 -0.157341 -0.0862125 0.258637 
0.0521331 -0.156399 -0.0856959 0.257088 
0.0518211 -0.155463 -0.0851824 0.255547 
0.0515109 -0.154533 -0.084672 0.254016 
0.0512025 -0.153607 -0.0841647 0.252494 
0.051049 -0.153147 -0.0839122 0.251737 
0.0507434 -0.15223 -0.0834094 0.250228 
0.0504397 -0.151319 -0.0829096 0.248729 
0.0502885 -0.150865 -0.0826609 0.247983 
0.0501377 -0.150413 -0.0824129 0.247239 
0.0499874 -0.149962 -0.0821656 0.246497 
0.0496882 -0.149065 -0.0816733 0.24502 
0.0495392 -0.148618 -0.0814282 0.244285 
0.0493907 -0.148172 -0.0811839 0.243552 
0.049095 -0.147285 -0.0806975 0.242092 
0.0488011 -0.146403 -0.0802139 0.240642 
0.048509 -0.145527 -0.0797333 0.2392 
0.0482186 -0.144656 -0.0792555 0.237767 
0.0479299 -0.14379 -0.0787807 0.236342 
0.047643 -0.142929 -0.0783086 0.234926 
0.0473578 -0.142073 -0.0778394 0.233518 
0.0472158 -0.141647 -0.0776058 0.232818 
0.0470742 -0.141223 -0.077373 0.232119 
0.0467924 -0.140377 -0.0769094 0.230728 
0.0465123 -0.139537 -0.0764485 0.229346 
0.0462338 -0.138702 -0.0759905 0.227971 
0.045957 -0.137871 -0.0755351 0.226605 
0.0458193 -0.137458 -0.0753085 0.225925 
0.0456819 -0.137046 -0.0750825 0.225248 
0.045545 -0.136635 -0.0748572 0.224572 
0.0454084 -0.136225 -0.0746326 0.223898 
0.0451366 -0.13541 -0.0741854 0.222556 
0.0448663 -0.134599 -0.0737409 0.221223 
0.0445977 -0.133793 -0.0732991 0.219897 
0.0441978 -0.132593 -0.0726412 0.217924 
0.0439332 -0.1318 -0.072206 0.216618 
0.0436702 -0.131011 -0.0717733 0.21532 
0.0434087 -0.130226 -0.0713432 0.21403 
0.0432786 -0.129836 -0.0711292 0.213387 
0.0431488 -0.129447 -0.0709157 0.212747 
0.0430195 -0.129058 -0.0707029 0.212109 
0.0427619 -0.128286 -0.0702793 0.210838 
0.0425059 -0.127518 -0.0698582 0.209575 
0.0422514 -0.126754 -0.0694396 0.208319 
0.0419984 -0.125995 -0.0690235 0.20707 
0.0418725 -0.125618 -0.0688164 0.206449 
0.041747 -0.125241 -0.0686099 0.20583 
0.0416218 -0.124865 -0.068404 0.205212 
0.041497 -0.124491 -0.0681988 0.204596 
0.0413726 -0.124118 -0.0679941 0.203982 
0.0411249 -0.123375 -0.0675867 0.20276 
0.0408787 -0.122636 -0.0671817 0.201545 
0.0406339 -0.121902 -0.0667792 0.200337 
0.0403906 -0.121172 -0.066379 0.199137 
0.0401488 -0.120446 -0.0659813 0.197944 
0.0399084 -0.119725 -0.0655859 0.196758 
0.0396695 -0.119008 -0.0651929 0.195579 
0.0395505 -0.118652 -0.0649973 0.194992 
0.039432 -0.118296 -0.0648022 0.194407 
0.0391959 -0.117588 -0.0644139 0.193242 
0.0389612 -0.116884 -0.0640279 0.192084 
0.0387279 -0.116184 -0.0636443 0.190933 
0.038496 -0.115488 -0.0632629 0.189789 
0.0382655 -0.114797 -0.0628838 0.188651 
0.0380364 -0.114109 -0.062507 0.187521 
0.0379224 -0.113767 -0.0623195 0.186958 
0.0378086 -0.113426 -0.0621325 0.186397 
0.0376953 -0.113086 -0.061946 0.185838 
0.0375823 -0.112747 -0.0617602 0.18528 
0.0374696 -0.112409 -0.0615748 0.184725 
0.0371336 -0.111401 -0.0610222 0.183067 
0.0369112 -0.110734 -0.0606566 0.18197 
0.0365802 -0.109741 -0.0601122 0.180337 
0.0364705 -0.109412 -0.0599318 0.179795 
0.0363612 -0.109083 -0.059752 0.179256 
0.0362521 -0.108756 -0.0595727 0.178718 
0.0361434 -0.10843 -0.0593939 0.178182 
0.035927 -0.107781 -0.059038 0.177114 
0.0357119 -0.107136 -0.0586842 0.176053 
0.0356048 -0.106814 -0.0585082 0.175524 
0.0354981 -0.106494 -0.0583326 0.174998 
0.0353916 -0.106175 -0.0581576 0.174473 
0.0352855 -0.105857 -0.0579831 0.173949 
0.0350742 -0.105223 -0.0576356 0.172907 
0.0348642 -0.104593 -0.0572902 0.171871 
0.0346554 -0.103966 -0.0569469 0.170841 
0.0344479 -0.103344 -0.0566057 0.169817 
0.0342417 -0.102725 -0.0562665 0.1688 
0.034139 -0.102417 -0.0560977 0.168293 
0.0340366 -0.10211 -0.0559293 0.167788 
0.0339346 -0.101804 -0.0557615 0.167285 
0.0338328 -0.101498 -0.0555942 0.166783 
0.0337314 -0.101194 -0.0554274 0.166282 
0.0336302 -0.100891 -0.0552611 0.165783 
0.0335294 -0.100588 -0.0550953 0.165286 
0.0334288 -0.100287 -0.0549299 0.16479 
0.0333286 -0.0999858 -0.0547651 0.164295 
0.0332287 -0.099686 -0.0546008 0.163802 
0.0330297 -0.0990891 -0.0542736 0.162821 
0.0328319 -0.0984957 -0.0539484 0.161845 
0.0326353 -0.0979059 -0.0536251 0.160875 
0.0324399 -0.0973197 -0.0533038 0.159911 
0.0322456 -0.0967369 -0.0529844 0.158953 
0.0321489 -0.0964468 -0.0528254 0.158476 
0.0320525 -0.0961576 -0.0526669 0.158001 
0.0319564 -0.0958693 -0.0525088 0.157526 
0.0317651 -0.0952952 -0.0521942 0.156583 
0.0316698 -0.0950095 -0.0520376 0.156113 
0.0315749 -0.0947246 -0.0518814 0.155644 
0.0314802 -0.0944405 -0.0517257 0.155177 
0.0312917 -0.093875 -0.0514158 0.154247 
0.0311978 -0.0935935 -0.0512615 0.153785 
0.0311043 -0.0933129 -0.0511077 0.153323 
0.031011 -0.0930331 -0.0509543 0.152863 
0.0308253 -0.092476 -0.050649 0.151947 
0.0306407 -0.0919222 -0.0503455 0.151037 
0.0304572 -0.0913717 -0.0500438 0.150131 
0.0302749 -0.0908246 -0.049744 0.149232 
0.0300936 -0.0902807 -0.0494459 0.148338 
0.0300033 -0.09001 -0.0492975 0.147893 
0.0299134 -0.0897401 -0.0491496 0.147449 
0.0298237 -0.089471 -0.0490021 0.147006 
0.0296451 -0.0889352 -0.0487085 0.146125 
0.0294675 -0.0884026 -0.0484166 0.14525 
0.0293792 -0.0881375 -0.0482713 0.144814 
0.0292911 -0.0878732 -0.0481265 0.144379 
0.0291157 -0.087347 -0.0478381 0.143514 
0.0290284 -0.0870851 -0.0476945 0.143084 
0.0289413 -0.086824 -0.0475514 0.142654 
0.0288545 -0.0865636 -0.0474087 0.142226 
0.028768 -0.086304 -0.0472665 0.141799 
0.0285957 -0.0857872 -0.0469833 0.14095 
0.0284245 -0.0852735 -0.0467017 0.140105 
0.0281695 -0.0845086 -0.0462826 0.138848 
0.0279169 -0.0837507 -0.0458672 0.137602 
0.0278332 -0.0834995 -0.0457296 0.137189 
0.0277497 -0.0832491 -0.0455924 0.136777 
0.0275835 -0.0827506 -0.0453192 0.135957 
0.0274183 -0.082255 -0.0450476 0.135143 
0.0272541 -0.0817624 -0.0447777 0.134333 
0.0270909 -0.0812728 -0.0445093 0.133528 
0.0269287 -0.0807861 -0.0442426 0.132728 
0.0267674 -0.0803023 -0.0439775 0.131933 
0.0266071 -0.0798214 -0.043714 0.131142 
0.0264478 -0.0793434 -0.0434521 0.130356 
0.0262894 -0.0788682 -0.0431917 0.129575 
0.026132 -0.0783959 -0.0429329 0.128799 
0.0260536 -0.0781608 -0.042804 0.128412 
0.0259755 -0.0779264 -0.0426756 0.128027 
0.0258976 -0.0776928 -0.0425476 0.127643 
0.0258199 -0.0774598 -0.0424199 0.12726 
0.0257425 -0.0772275 -0.0422926 0.126878 
0.0255883 -0.076765 -0.0420392 0.126118 
0.0254351 -0.0763053 -0.0417873 0.125362 
0.0252828 -0.0758483 -0.0415369 0.124611 
0.0251314 -0.0753941 -0.041288 0.123864 
0.025056 -0.075168 -0.0411641 0.123492 
0.0249809 -0.0749426 -0.0410406 0.123122 
0.0249059 -0.0747178 -0.0409174 0.122752 
0.0248313 -0.0744938 -0.0407947 0.122384 
0.0247568 -0.0742704 -0.0406722 0.122017 
0.0246085 -0.0738256 -0.0404285 0.121286 
0.0245347 -0.0736042 -0.0403072 0.120922 
0.0244612 -0.0733835 -0.0401863 0.120559 
0.0243878 -0.0731634 -0.0400657 0.120197 
0.0243147 -0.072944 -0.0399455 0.119836 
0.024169 -0.0725071 -0.0397061 0.119118 
0.0240243 -0.0720729 -0.0394682 0.118405 
0.0238804 -0.0716413 -0.0392317 0.117695 
0.0237374 -0.0712122 -0.0389966 0.11699 
0.0236662 -0.0709987 -0.0388796 0.116639 
0.0235953 -0.0707858 -0.0387629 0.116289 
0.0234539 -0.0703618 -0.0385307 0.115592 
0.0233135 -0.0699405 -0.0382998 0.114899 
0.0231739 -0.0695216 -0.0380703 0.114211 
0.0230351 -0.0691052 -0.0378422 0.113526 
0.022966 -0.068898 -0.0377286 0.113186 
0.0228971 -0.0686914 -0.0376154 0.112846 
0.0228285 -0.0684854 -0.0375025 0.112508 
0.02276 -0.06828 -0.03739 0.11217 
0.0226917 -0.0680752 -0.0372778 0.111833 
0.0226237 -0.0678711 -0.037166 0.111498 
0.0224882 -0.0674646 -0.0369433 0.11083 
0.0223535 -0.0670606 -0.0367219 0.110166 
0.0222196 -0.0666589 -0.0365018 0.109506 
0.0220866 -0.0662597 -0.0362831 0.108849 
0.0219543 -0.0658629 -0.0360657 0.108197 
0.0218885 -0.0656654 -0.0359575 0.107872 
0.0218228 -0.0654684 -0.0358496 0.107549 
0.0217574 -0.0652721 -0.035742 0.107226 
0.0216921 -0.0650764 -0.0356348 0.106904 
0.0216271 -0.0648812 -0.0355279 0.106584 
0.0215622 -0.0646866 -0.0354213 0.106264 
0.0214975 -0.0644926 -0.035315 0.105945 
0.0214331 -0.0642992 -0.035209 0.105627 
0.0213688 -0.0641064 -0.0351034 0.10531 
0.0213047 -0.0639141 -0.034998 0.104994 
0.0212408 -0.0637224 -0.034893 0.104679 
0.0211771 -0.0635313 -0.0347883 0.104365 
0.0211136 -0.0633408 -0.0346839 0.104052 
0.0209872 -0.0629615 -0.0344761 0.103428 
0.0208615 -0.0625844 -0.0342695 0.102809 
0.0207365 -0.0622096 -0.0340642 0.102193 
0.0206123 -0.061837 -0.0338601 0.10158 
0.0204889 -0.0614666 -0.0336572 0.100972 
0.0203662 -0.0610985 -0.0334555 0.100366 
0.0203051 -0.0609153 -0.0333551 0.100065 
0.0202442 -0.0607326 -0.033255 0.0997651 
0.020123 -0.0603689 -0.0330558 0.0991673 
0.0200024 -0.0600073 -0.0328577 0.0985731 
0.0198826 -0.0596479 -0.0326608 0.0979824 
0.019823 -0.059469 -0.0325628 0.0976884 
0.0197636 -0.0592907 -0.0324651 0.0973953 
0.0197043 -0.0591129 -0.0323677 0.0971031 
0.0196452 -0.0589356 -0.0322706 0.0968117 
0.0195275 -0.0585826 -0.0320772 0.0962316 
0.0194106 -0.0582318 -0.031885 0.095655 
0.0192943 -0.057883 -0.0316939 0.0950818 
0.0191788 -0.0575363 -0.031504 0.0945121 
0.0191213 -0.0573638 -0.0314095 0.0942285 
0.0190639 -0.0571917 -0.0313153 0.0939458 
0.0190067 -0.0570202 -0.0312213 0.0936639 
0.0189497 -0.0568492 -0.0311276 0.0933828 
0.0188929 -0.0566787 -0.0310342 0.0931026 
0.0187797 -0.0563392 -0.0308483 0.0925448 
0.0187234 -0.0561703 -0.0307557 0.0922671 
0.0186673 -0.0560018 -0.0306634 0.0919902 
0.0186113 -0.0558339 -0.0305714 0.0917142 
0.0184998 -0.0554995 -0.0303882 0.0911647 
0.018389 -0.0551671 -0.0302061 0.0906184 
0.0182789 -0.0548367 -0.0300251 0.0900754 
0.0182241 -0.0546722 -0.0299351 0.0898052 
0.0181694 -0.0545082 -0.0298452 0.0895357 
0.0181149 -0.0543448 -0.0297557 0.089267 
0.0180606 -0.0541818 -0.0296664 0.0889992 
0.0180064 -0.0540193 -0.0295774 0.0887322 
0.0178986 -0.0536957 -0.0294002 0.0882005 
0.0177914 -0.0533741 -0.029224 0.087672 
0.0176848 -0.0530545 -0.0290489 0.0871467 
0.0176318 -0.0528953 -0.0289617 0.0868852 
0.0175789 -0.0527367 -0.0288748 0.0866245 
0.0175262 -0.0525785 -0.0287882 0.0863646 
0.0174212 -0.0522636 -0.0286157 0.0858471 
0.017369 -0.0521069 -0.0285298 0.0855895 
0.0172132 -0.0516395 -0.0282738 0.0848214 
0.0171101 -0.0513302 -0.0281044 0.0843131 
0.0169566 -0.0508697 -0.0278522 0.0835565 
0.016855 -0.050565 -0.0276853 0.0830558 
0.0167541 -0.0502622 -0.0275194 0.0825581 
0.0166537 -0.0499612 -0.0273545 0.0820634 
0.016554 -0.0496619 -0.0271906 0.0815717 
0.0165043 -0.049513 -0.027109 0.081327 
0.0164055 -0.0492164 -0.0269466 0.0808397 
0.0163072 -0.0489217 -0.0267851 0.0803553 
0.0162095 -0.0486286 -0.0266246 0.0798738 
0.0161125 -0.0483374 -0.0264651 0.0793952 
0.016016 -0.0480479 -0.0263065 0.0789195 
0.01592 -0.0477601 -0.0261489 0.0784466 
0.0158723 -0.0476169 -0.0260704 0.0782112 
0.0157772 -0.0473317 -0.0259142 0.0777426 
0.0157299 -0.0471897 -0.0258364 0.0775093 
0.0156827 -0.0470482 -0.0257589 0.0772767 
0.0155888 -0.0467664 -0.0256046 0.0768137 
0.0154954 -0.0464863 -0.0254512 0.0763535 
0.0154026 -0.0462078 -0.0252987 0.075896 
0.0153104 -0.0459311 -0.0251471 0.0754412 
0.015173 -0.0455191 -0.0249214 0.0747642 
0.0150821 -0.0452464 -0.0247721 0.0743162 
0.0150369 -0.0451107 -0.0246977 0.0740932 
0.0149918 -0.0449754 -0.0246236 0.0738709 
0.014902 -0.044706 -0.0244761 0.0734283 
0.0148128 -0.0444383 -0.0243294 0.0729883 
0.0147683 -0.044305 -0.0242564 0.0727693 
0.014724 -0.0441721 -0.0241837 0.072551 
0.0146799 -0.0440396 -0.0241111 0.0723333 
0.0146358 -0.0439075 -0.0240387 0.0721162 
0.0145919 -0.0437758 -0.0239666 0.0718999 
0.0145482 -0.0436446 -0.0238947 0.0716841 
0.0145046 -0.0435137 -0.023823 0.071469 
0.014461 -0.0433831 -0.0237515 0.0712546 
0.0143744 -0.0431233 -0.0236092 0.0708277 
0.0142883 -0.042865 -0.0234678 0.0704033 
0.0142028 -0.0426083 -0.0233271 0.0699814 
0.0141602 -0.0424805 -0.0232572 0.0697715 
0.0141177 -0.0423531 -0.0231874 0.0695621 
0.0140753 -0.042226 -0.0231178 0.0693534 
0.0140331 -0.0420994 -0.0230484 0.0691453 
0.013991 -0.0419731 -0.0229793 0.0689378 
0.0139491 -0.0418472 -0.0229103 0.068731 
0.0139072 -0.0417217 -0.0228416 0.0685248 
0.0138655 -0.0415966 -0.0227731 0.0683192 
0.0138239 -0.0414718 -0.0227047 0.0681142 
0.0137825 -0.0413474 -0.0226366 0.0679098 
0.0137411 -0.0412234 -0.0225687 0.0677061 
0.0136588 -0.0409765 -0.0224335 0.0673004 
0.013577 -0.0407311 -0.022299 0.0668971 
0.0134957 -0.0404871 -0.0221654 0.0664963 
0.0134149 -0.0402446 -0.0220326 0.0660979 
0.0133746 -0.0401239 -0.0219665 0.0658995 
0.0132945 -0.0398836 -0.0218349 0.0655047 
0.0132547 -0.039764 -0.0217694 0.0653081 
0.0132149 -0.0396447 -0.0217041 0.0651122 
0.0131753 -0.0395258 -0.0216389 0.0649168 
0.0131357 -0.0394072 -0.021574 0.064722 
0.0130964 -0.0392891 -0.0215093 0.0645279 
0.0130571 -0.0391712 -0.0214447 0.0643342 
0.0130179 -0.0390537 -0.0213804 0.0641412 
0.0129789 -0.0389366 -0.0213163 0.0639488 
0.0129011 -0.0387034 -0.0211885 0.0635656 
0.0128239 -0.0384716 -0.0210616 0.0631847 
0.012747 -0.0382411 -0.0209354 0.0628061 
0.0127088 -0.0381264 -0.0208726 0.0626177 
0.0126707 -0.0380121 -0.0208099 0.0624298 
0.0126327 -0.0378981 -0.0207475 0.0622425 
0.0125948 -0.0377844 -0.0206853 0.0620558 
0.012557 -0.0376711 -0.0206232 0.0618696 
0.0125194 -0.0375581 -0.0205613 0.0616839 
0.0124444 -0.0373331 -0.0204381 0.0613143 
0.012407 -0.0372211 -0.0203768 0.0611304 
0.0123698 -0.0371095 -0.0203157 0.060947 
0.0123327 -0.0369982 -0.0202547 0.0607641 
0.0122589 -0.0367766 -0.0201333 0.0604 
0.0121854 -0.0365563 -0.0200127 0.0600381 
0.0121125 -0.0363374 -0.0198928 0.0596784 
0.0120761 -0.0362284 -0.0198331 0.0594993 
0.0120399 -0.0361197 -0.0197736 0.0593208 
0.0120038 -0.0360114 -0.0197143 0.0591428 
0.0119678 -0.0359034 -0.0196551 0.0589654 
0.0119319 -0.0357957 -0.0195961 0.0587884 
0.0118961 -0.0356883 -0.0195374 0.0586121 
0.0118604 -0.0355813 -0.0194787 0.0584362 
0.0118248 -0.0354745 -0.0194203 0.0582609 
0.0117894 -0.0353681 -0.019362 0.0580861 
0.011754 -0.0352621 -0.0193039 0.0579118 
0.0116836 -0.0350509 -0.0191883 0.0575648 
0.0116136 -0.0348409 -0.0190733 0.0572199 
0.0115441 -0.0346322 -0.018959 0.056877 
0.0114749 -0.0344248 -0.0188454 0.0565362 
0.0114405 -0.0343215 -0.0187889 0.0563666 
0.0114062 -0.0342186 -0.0187325 0.0561975 
0.0113379 -0.0340136 -0.0186203 0.0558608 
0.01127 -0.0338099 -0.0185087 0.0555261 
0.0112025 -0.0336074 -0.0183978 0.0551934 
0.0111354 -0.0334061 -0.0182876 0.0548627 
0.0110687 -0.033206 -0.018178 0.0545339 
0.0110355 -0.0331064 -0.0181234 0.0543703 
0.0110024 -0.0330071 -0.0180691 0.0542072 
0.0109694 -0.0329081 -0.0180149 0.0540446 
0.0109365 -0.0328094 -0.0179608 0.0538824 
0.0108383 -0.032515 -0.0177996 0.0533989 
0.0108058 -0.0324175 -0.0177462 0.0532386 
0.0107734 -0.0323203 -0.017693 0.0530789 
0.0106768 -0.0320303 -0.0175342 0.0526026 
0.010581 -0.031743 -0.0173768 0.0521305 
0.0104861 -0.0314582 -0.0172209 0.0516627 
0.0104233 -0.0312698 -0.0171177 0.0513531 
0.0103608 -0.0310825 -0.0170152 0.0510455 
0.0103297 -0.0309892 -0.0169641 0.0508923 
0.0102988 -0.0308963 -0.0169132 0.0507396 
0.0102371 -0.0307112 -0.0168119 0.0504356 
0.0101758 -0.0305273 -0.0167111 0.0501334 
0.0101148 -0.0303444 -0.016611 0.049833 
0.0100542 -0.0301627 -0.0165115 0.0495344 
0.009994 -0.029982 -0.0164125 0.0492376 
0.00993414 -0.0298024 -0.0163142 0.0489426 
0.00987463 -0.0296239 -0.0162165 0.0486494 
0.00984501 -0.029535 -0.0161678 0.0485034 
0.00981549 -0.0294465 -0.0161193 0.0483579 
0.00978604 -0.0293581 -0.0160709 0.0482128 
0.00975669 -0.0292701 -0.0160227 0.0480681 
0.00969825 -0.0290948 -0.0159267 0.0477801 
0.00964016 -0.0289205 -0.0158313 0.0474939 
0.00958242 -0.0287472 -0.0157364 0.0472093 
0.00952502 -0.0285751 -0.0156421 0.0469264 
0.00946796 -0.0284039 -0.0155484 0.0466453 
0.00943957 -0.0283187 -0.0155018 0.0465053 
0.00941125 -0.0282338 -0.0154553 0.0463658 
0.00938302 -0.0281491 -0.0154089 0.0462267 
0.00935488 -0.0280646 -0.0153627 0.046088 
0.00932682 -0.0279805 -0.0153166 0.0459497 
0.00929884 -0.0278965 -0.0152706 0.0458118 
0.00924315 -0.0277294 -0.0151791 0.0455373 
0.00921542 -0.0276463 -0.0151336 0.0454007 
0.00918778 -0.0275633 -0.0150882 0.0452645 
0.00916022 -0.0274807 -0.0150429 0.0451287 
0.00910535 -0.0273161 -0.0149528 0.0448583 
0.00905081 -0.0271524 -0.0148632 0.0445895 
0.0089966 -0.0269898 -0.0147741 0.0443224 
0.00894271 -0.0268281 -0.0146856 0.0440568 
0.00891589 -0.0267477 -0.0146415 0.0439246 
0.00888914 -0.0266674 -0.0145976 0.0437928 
0.00886248 -0.0265874 -0.0145538 0.0436614 
0.0088359 -0.0265077 -0.0145101 0.0435304 
0.00880939 -0.0264282 -0.0144666 0.0433998 
0.00878297 -0.0263489 -0.0144232 0.0432696 
0.00875663 -0.0262699 -0.0143799 0.0431398 
0.00873036 -0.0261911 -0.0143368 0.0430104 
0.00867807 -0.0260342 -0.0142509 0.0427527 
0.00862609 -0.0258783 -0.0141655 0.0424965 
0.00860021 -0.0258006 -0.014123 0.042369 
0.00857442 -0.0257232 -0.0140806 0.0422419 
0.0085487 -0.0256461 -0.0140384 0.0421152 
0.00852306 -0.0255692 -0.0139963 0.0419888 
0.00849749 -0.0254925 -0.0139543 0.0418628 
0.008472 -0.025416 -0.0139124 0.0417372 
0.00844659 -0.0253398 -0.0138707 0.041612 
0.00842126 -0.0252638 -0.013829 0.0414871 
0.008396 -0.025188 -0.0137876 0.0413627 
0.00837081 -0.0251124 -0.0137462 0.0412386 
0.00832067 -0.024962 -0.0136638 0.0409915 
0.00827083 -0.0248125 -0.013582 0.0407459 
0.00824602 -0.0247381 -0.0135412 0.0406236 
0.00819663 -0.0245899 -0.0134601 0.0403802 
0.00814753 -0.0244426 -0.0133794 0.0401383 
0.00812309 -0.0243693 -0.0133393 0.0400179 
0.00809873 -0.0242962 -0.0132993 0.0398978 
0.00807444 -0.0242233 -0.0132594 0.0397781 
0.00805022 -0.0241507 -0.0132196 0.0396588 
0.00802607 -0.0240782 -0.0131799 0.0395398 
0.008002 -0.024006 -0.0131404 0.0394211 
0.00795406 -0.0238622 -0.0130616 0.0391849 
0.00793021 -0.0237906 -0.0130225 0.0390674 
0.0078827 -0.0236481 -0.0129444 0.0388333 
0.00783549 -0.0235065 -0.0128669 0.0386006 
0.00781198 -0.023436 -0.0128283 0.0384848 
0.00778855 -0.0233657 -0.0127898 0.0383693 
0.0077419 -0.0232257 -0.0127132 0.0381395 
0.00767244 -0.0230173 -0.0125991 0.0377972 
0.00762648 -0.0228794 -0.0125236 0.0375707 
0.0075808 -0.0227424 -0.0124485 0.0373456 
0.00755806 -0.0226742 -0.0124112 0.0372336 
0.00753539 -0.0226062 -0.012374 0.0371219 
0.00749025 -0.0224708 -0.0122998 0.0368995 
0.00746779 -0.0224034 -0.0122629 0.0367887 
0.00744539 -0.0223362 -0.0122261 0.0366784 
0.00742305 -0.0222692 -0.0121894 0.0365683 
0.00737859 -0.0221358 -0.0121164 0.0363492 
0.00735646 -0.0220694 -0.0120801 0.0362402 
0.00733439 -0.0220032 -0.0120438 0.0361314 
0.00731239 -0.0219372 -0.0120077 0.036023 
0.00726859 -0.0218058 -0.0119357 0.0358072 
0.00722505 -0.0216752 -0.0118642 0.0355927 
0.00718177 -0.0215453 -0.0117931 0.0353794 
0.00713875 -0.0214163 -0.0117225 0.0351674 
0.00709599 -0.021288 -0.0116522 0.0349567 
0.00707471 -0.0212241 -0.0116173 0.0348518 
0.00703233 -0.021097 -0.0115477 0.034643 
0.0069902 -0.0209706 -0.0114785 0.0344355 
0.00694833 -0.020845 -0.0114097 0.0342291 
0.00690671 -0.0207201 -0.0113414 0.0340241 
0.00686534 -0.020596 -0.0112734 0.0338202 
0.00684475 -0.0205342 -0.0112396 0.0337187 
0.00682422 -0.0204726 -0.0112059 0.0336176 
0.00680375 -0.0204112 -0.0111722 0.0335167 
0.00678334 -0.02035 -0.0111387 0.0334162 
0.0067427 -0.0202281 -0.011072 0.0332159 
0.00670232 -0.0201069 -0.0110056 0.0330169 
0.00666217 -0.0199865 -0.0109397 0.0328191 
0.00662226 -0.0198668 -0.0108742 0.0326225 
0.0066024 -0.0198072 -0.0108415 0.0325246 
0.00658259 -0.0197478 -0.010809 0.032427 
0.00654316 -0.0196295 -0.0107442 0.0322327 
0.00650397 -0.0195119 -0.0106799 0.0320396 
0.00646501 -0.019395 -0.0106159 0.0318476 
0.00642628 -0.0192788 -0.0105523 0.0316568 
0.00638779 -0.0191634 -0.0104891 0.0314672 
0.00634952 -0.0190486 -0.0104262 0.0312786 
0.00633048 -0.0189914 -0.0103949 0.0311848 
0.00631149 -0.0189345 -0.0103637 0.0310912 
0.00629256 -0.0188777 -0.0103326 0.0309979 
0.00627368 -0.018821 -0.0103016 0.0309049 
0.00625486 -0.0187646 -0.0102707 0.0308122 
0.0062361 -0.0187083 -0.0102399 0.0307198 
0.00619875 -0.0185962 -0.0101786 0.0305357 
0.00616162 -0.0184848 -0.0101176 0.0303528 
0.00612471 -0.0183741 -0.010057 0.0301709 
0.00608802 -0.0182641 -0.00999671 0.0299901 
0.00605155 -0.0181547 -0.00993681 0.0298104 
0.0060153 -0.0180459 -0.00987728 0.0296318 
0.00599726 -0.0179918 -0.00984764 0.0295429 
0.00597927 -0.0179378 -0.0098181 0.0294543 
0.00594345 -0.0178304 -0.00975927 0.0292778 
0.00592562 -0.0177769 -0.00972999 0.02919 
0.00589013 -0.0176704 -0.0096717 0.0290151 
0.00585485 -0.0175645 -0.00961375 0.0288412 
0.00581977 -0.0174593 -0.00955615 0.0286684 
0.00580232 -0.017407 -0.00952748 0.0285824 
0.00578491 -0.0173547 -0.00949889 0.0284967 
0.00576756 -0.0173027 -0.00947039 0.0284112 
0.00575026 -0.0172508 -0.00944198 0.0283259 
0.00573301 -0.017199 -0.00941365 0.028241 
0.00569867 -0.017096 -0.00935725 0.0280718 
0.00566453 -0.0169936 -0.00930119 0.0279036 
0.0056306 -0.0168918 -0.00924546 0.0277364 
0.00559687 -0.0167906 -0.00919007 0.0275702 
0.00556335 -0.01669 -0.00913501 0.027405 
0.00553002 -0.0165901 -0.00908027 0.0272408 
0.00551343 -0.0165403 -0.00905303 0.0271591 
0.00546397 -0.0163919 -0.00897179 0.0269154 
0.00543124 -0.0162937 -0.00891804 0.0267541 
0.0053987 -0.0161961 -0.00886461 0.0265938 
0.00536637 -0.0160991 -0.00881149 0.0264345 
0.00533422 -0.0160027 -0.0087587 0.0262761 
0.00530227 -0.0159068 -0.00870622 0.0261187 
0.0052705 -0.0158115 -0.00865406 0.0259622 
0.00523893 -0.0157168 -0.00860221 0.0258066 
0.00520755 -0.0156227 -0.00855067 0.025652 
0.00516083 -0.0154825 -0.00847394 0.0254218 
0.00514535 -0.015436 -0.00844852 0.0253455 
0.00512992 -0.0153897 -0.00842317 0.0252695 
0.00509919 -0.0152976 -0.0083727 0.0251181 
0.00506864 -0.0152059 -0.00832254 0.0249676 
0.00503828 -0.0151148 -0.00827267 0.024818 
0.0050081 -0.0150243 -0.00822311 0.0246693 
0.0049781 -0.0149343 -0.00817384 0.0245215 
0.00496317 -0.0148895 -0.00814932 0.024448 
0.00494828 -0.0148448 -0.00812487 0.0243746 
0.00491864 -0.0147559 -0.00807619 0.0242286 
0.00488917 -0.0146675 -0.0080278 0.0240834 
0.00483077 -0.0144923 -0.00793189 0.0237957 
0.00480184 -0.0144055 -0.00788437 0.0236531 
0.00477307 -0.0143192 -0.00783713 0.0235114 
0.00474448 -0.0142334 -0.00779018 0.0233705 
0.00471606 -0.0141482 -0.0077435 0.0232305 
0.00468781 -0.0140634 -0.00769711 0.0230913 
0.00467375 -0.0140212 -0.00767402 0.023022 
0.00465973 -0.0139792 -0.00765099 0.022953 
0.00464575 -0.0139373 -0.00762804 0.0228841 
0.00461792 -0.0138538 -0.00758233 0.022747 
0.00459026 -0.0137708 -0.00753691 0.0226107 
0.00456276 -0.0136883 -0.00749175 0.0224752 
0.00453543 -0.0136063 -0.00744686 0.0223406 
0.00452183 -0.0135655 -0.00742452 0.0222736 
0.00449474 -0.0134842 -0.00738004 0.0221401 
0.00446781 -0.0134034 -0.00733582 0.0220075 
0.00444105 -0.0133231 -0.00729187 0.0218756 
0.00441445 -0.0132433 -0.00724818 0.0217445 
0.00440121 -0.0132036 -0.00722644 0.0216793 
0.004388 -0.013164 -0.00720475 0.0216143 
0.00436172 -0.0130852 -0.00716159 0.0214848 
0.00434863 -0.0130459 -0.0071401 0.0214203 
0.00433559 -0.0130068 -0.00711868 0.021356 
0.00432258 -0.0129678 -0.00709732 0.021292 
0.00430962 -0.0129289 -0.00707603 0.0212281 
0.00429669 -0.0128901 -0.0070548 0.0211644 
0.00427095 -0.0128129 -0.00701253 0.0210376 
0.00424537 -0.0127361 -0.00697052 0.0209116 
0.00421994 -0.0126598 -0.00692875 0.0207863 
0.00419466 -0.012584 -0.00688724 0.0206617 
0.00416953 -0.0125086 -0.00684598 0.0205379 
0.00414455 -0.0124337 -0.00680496 0.0204149 
0.00413212 -0.0123964 -0.00678454 0.0203536 
0.00411973 -0.0123592 -0.00676419 0.0202926 
0.00410737 -0.0123221 -0.0067439 0.0202317 
0.00409505 -0.0122851 -0.00672366 0.020171 
0.00408277 -0.0122483 -0.00670349 0.0201105 
0.00407052 -0.0122116 -0.00668338 0.0200501 
0.00405831 -0.0121749 -0.00666333 0.01999 
0.00404614 -0.0121384 -0.00664334 0.01993 
0.004034 -0.012102 -0.00662341 0.0198702 
0.0040219 -0.0120657 -0.00660353 0.0198106 
0.00400983 -0.0120295 -0.00658372 0.0197512 
0.00399781 -0.0119934 -0.00656397 0.0196919 
0.00398581 -0.0119574 -0.00654428 0.0196328 
0.00396194 -0.0118858 -0.00650507 0.0195152 
0.0039382 -0.0118146 -0.00646609 0.0193983 
0.00391461 -0.0117438 -0.00642735 0.0192821 
0.00389116 -0.0116735 -0.00638884 0.0191665 
0.00386785 -0.0116036 -0.00635057 0.0190517 
0.00385625 -0.0115688 -0.00633151 0.0189945 
0.00383315 -0.0114995 -0.00629358 0.0188807 
0.00382165 -0.011465 -0.0062747 0.0188241 
0.00379876 -0.0113963 -0.0062371 0.0187113 
0.00378736 -0.0113621 -0.00621839 0.0186552 
0.003776 -0.011328 -0.00619973 0.0185992 
0.00376468 -0.011294 -0.00618113 0.0185434 
0.00374213 -0.0112264 -0.0061441 0.0184323 
0.0037309 -0.0111927 -0.00612567 0.018377 
0.00371971 -0.0111591 -0.00610729 0.0183219 
0.00370855 -0.0111257 -0.00608897 0.0182669 
0.00369743 -0.0110923 -0.0060707 0.0182121 
0.00367528 -0.0110258 -0.00603433 0.018103 
0.00365326 -0.0109598 -0.00599817 0.0179945 
0.00363138 -0.0108941 -0.00596224 0.0178867 
0.00360962 -0.0108289 -0.00592651 0.0177795 
0.003588 -0.010764 -0.00589101 0.017673 
0.00356651 -0.0106995 -0.00585571 0.0175671 
0.00355581 -0.0106674 -0.00583814 0.0175144 
0.00354514 -0.0106354 -0.00582063 0.0174619 
0.00353451 -0.0106035 -0.00580316 0.0174095 
0.00352391 -0.0105717 -0.00578575 0.0173573 
0.00351334 -0.01054 -0.0057684 0.0173052 
0.0035028 -0.0105084 -0.00575109 0.0172533 
0.00349229 -0.0104769 -0.00573384 0.0172015 
0.00347137 -0.0104141 -0.00569948 0.0170984 
0.00346096 -0.0103829 -0.00568238 0.0170471 
0.00345058 -0.0103517 -0.00566533 0.016996 
0.00344022 -0.0103207 -0.00564834 0.016945 
0.00342991 -0.0102897 -0.00563139 0.0168942 
0.00340936 -0.0102281 -0.00559765 0.016793 
0.00338894 -0.0101668 -0.00556411 0.0166923 
0.00336863 -0.0101059 -0.00553078 0.0165923 
0.00334846 -0.0100454 -0.00549764 0.0164929 
0.0033284 -0.00998519 -0.0054647 0.0163941 
0.00330846 -0.00992538 -0.00543196 0.0162959 
0.00329853 -0.0098956 -0.00541567 0.016247 
0.00328864 -0.00986592 -0.00539942 0.0161983 
0.00326894 -0.00980682 -0.00536707 0.0161012 
0.00324936 -0.00974807 -0.00533491 0.0160047 
0.00323961 -0.00971883 -0.00531891 0.0159567 
0.00322989 -0.00968968 -0.00530295 0.0159088 
0.00321054 -0.00963163 -0.00527118 0.0158135 
0.00320091 -0.00960274 -0.00525536 0.0157661 
0.00319131 -0.00957394 -0.0052396 0.0157188 
0.00318174 -0.00954522 -0.00522388 0.0156716 
0.0031722 -0.00951659 -0.0052082 0.0156246 
0.00316268 -0.00948804 -0.00519258 0.0155777 
0.00314373 -0.0094312 -0.00516147 0.0154844 
0.0031249 -0.0093747 -0.00513054 0.0153916 
0.00310618 -0.00931855 -0.00509981 0.0152994 
0.00308758 -0.00926273 -0.00506925 0.0152078 
0.00306908 -0.00920724 -0.00503888 0.0151166 
0.00305987 -0.00917962 -0.00502376 0.0150713 
0.00304154 -0.00912463 -0.00499366 0.014981 
0.00302332 -0.00906997 -0.00496374 0.0148912 
0.00300521 -0.00901564 -0.00493401 0.014802 
0.00298721 -0.00896163 -0.00490444 0.0147133 
0.00296932 -0.00890795 -0.00487506 0.0146252 
0.00295153 -0.00885458 -0.00484585 0.0145376 
0.00293385 -0.00880154 -0.00481682 0.0144505 
0.00291627 -0.00874882 -0.00478796 0.0143639 
0.0028988 -0.00869641 -0.00475927 0.0142778 
0.00288144 -0.00864431 -0.00473076 0.0141923 
0.00287279 -0.00861838 -0.00471657 0.0141497 
0.00286418 -0.00859253 -0.00470242 0.0141072 
0.00285559 -0.00856676 -0.00468831 0.0140649 
0.00284702 -0.00854106 -0.00467424 0.0140227 
0.00282996 -0.00848989 -0.00464624 0.0139387 
0.00281301 -0.00843904 -0.0046184 0.0138552 
0.00279616 -0.00838848 -0.00459073 0.0137722 
0.00277941 -0.00833823 -0.00456323 0.0136897 
0.00276276 -0.00828828 -0.00453589 0.0136077 
0.00274621 -0.00823863 -0.00450871 0.0135261 
0.00272976 -0.00818928 -0.0044817 0.0134451 
0.00271341 -0.00814022 -0.00445485 0.0133645 
0.00270527 -0.0081158 -0.00444148 0.0133244 
0.00268906 -0.00806719 -0.00441487 0.0132446 
0.00267295 -0.00801886 -0.00438842 0.0131653 
0.00265694 -0.00797083 -0.00436213 0.0130864 
0.00264103 -0.00792308 -0.00433599 0.013008 
0.0026252 -0.00787561 -0.00431001 0.01293 
0.00260948 -0.00782844 -0.00428419 0.0128526 
0.00259385 -0.00778154 -0.00425852 0.0127756 
0.00258607 -0.0077582 -0.00424575 0.0127372 
0.00257831 -0.00773493 -0.00423301 0.012699 
0.00257057 -0.00771172 -0.00422031 0.0126609 
0.00256286 -0.00768859 -0.00420765 0.0126229 
0.00254751 -0.00764253 -0.00418244 0.0125473 
0.00253225 -0.00759675 -0.00415738 0.0124721 
0.00251708 -0.00755124 -0.00413247 0.0123974 
0.00250953 -0.00752859 -0.00412008 0.0123602 
0.0024945 -0.00748349 -0.00409539 0.0122862 
0.00247955 -0.00743866 -0.00407085 0.0122126 
0.00247212 -0.00741635 -0.00405864 0.0121759 
0.0024647 -0.0073941 -0.00404646 0.0121394 
0.00245731 -0.00737192 -0.00403432 0.012103 
0.00244994 -0.00734981 -0.00402222 0.0120667 
0.00244259 -0.00732776 -0.00401015 0.0120305 
0.00243526 -0.00730578 -0.00399812 0.0119944 
0.00242795 -0.00728386 -0.00398613 0.0119584 
0.00241341 -0.00724023 -0.00396225 0.0118867 
0.00239895 -0.00719686 -0.00393851 0.0118155 
0.00238458 -0.00715375 -0.00391491 0.0117447 
0.00237743 -0.00713229 -0.00390316 0.0117095 
0.0023703 -0.00711089 -0.00389145 0.0116744 
0.0023561 -0.0070683 -0.00386814 0.0116044 
0.00233496 -0.00700488 -0.00383343 0.0115003 
0.00232097 -0.00696291 -0.00381046 0.0114314 
0.00231401 -0.00694203 -0.00379903 0.0113971 
0.00230707 -0.0069212 -0.00378763 0.0113629 
0.00230015 -0.00690044 -0.00377627 0.0113288 
0.00228637 -0.00685911 -0.00375364 0.0112609 
0.00227267 -0.00681802 -0.00373116 0.0111935 
0.00225906 -0.00677717 -0.0037088 0.0111264 
0.00224553 -0.00673658 -0.00368658 0.0110597 
0.00223207 -0.00669622 -0.00366449 0.0109935 
0.0022187 -0.00665611 -0.00364254 0.0109276 
0.00221205 -0.00663614 -0.00363161 0.0108948 
0.00220541 -0.00661623 -0.00362072 0.0108621 
0.0021988 -0.00659639 -0.00360985 0.0108296 
0.00218562 -0.00655687 -0.00358822 0.0107647 
0.00217253 -0.00651759 -0.00356673 0.0107002 
0.00215952 -0.00647855 -0.00354536 0.0106361 
0.00214658 -0.00643974 -0.00352412 0.0105723 
0.00212732 -0.00638196 -0.00349249 0.0104775 
0.00211458 -0.00634373 -0.00347157 0.0104147 
0.00210191 -0.00630573 -0.00345077 0.0103523 
0.0020956 -0.00628681 -0.00344042 0.0103212 
0.00208305 -0.00624915 -0.0034198 0.0102594 
0.00207057 -0.00621172 -0.00339932 0.0101979 
0.00205817 -0.00617451 -0.00337895 0.0101368 
0.00204584 -0.00613752 -0.0033587 0.0100761 
0.00203358 -0.00610075 -0.00333858 0.0100157 
0.0020214 -0.00606421 -0.00331858 0.00995574 
0.00200929 -0.00602788 -0.0032987 0.00989609 
0.00200327 -0.0060098 -0.0032888 0.0098664 
0.00199726 -0.00599177 -0.00327893 0.0098368 
0.00199126 -0.00597379 -0.0032691 0.00980729 
0.00197934 -0.00593801 -0.00324951 0.00974853 
0.0019734 -0.0059202 -0.00323976 0.00971928 
0.00196158 -0.00588473 -0.00322035 0.00966105 
0.00195569 -0.00586708 -0.00321069 0.00963207 
0.00194983 -0.00584948 -0.00320106 0.00960317 
0.00194398 -0.00583193 -0.00319145 0.00957436 
0.00193815 -0.00581444 -0.00318188 0.00954564 
0.00192654 -0.00577961 -0.00316282 0.00948845 
0.00192076 -0.00576227 -0.00315333 0.00945998 
0.00191499 -0.00574498 -0.00314387 0.0094316 
0.00190925 -0.00572775 -0.00313443 0.0094033 
0.00189781 -0.00569344 -0.00311566 0.00934697 
0.00189212 -0.00567636 -0.00310631 0.00931892 
0.00188644 -0.00565933 -0.00309699 0.00929097 
0.00188079 -0.00564236 -0.0030877 0.00926309 
0.00187514 -0.00562543 -0.00307843 0.0092353 
0.00186391 -0.00559173 -0.00305999 0.00917997 
0.00185274 -0.00555823 -0.00304166 0.00912497 
0.00184165 -0.00552494 -0.00302343 0.0090703 
0.00183061 -0.00549184 -0.00300532 0.00901596 
0.00182512 -0.00547537 -0.0029963 0.00898891 
0.00181419 -0.00544257 -0.00297835 0.00893505 
0.00180875 -0.00542624 -0.00296942 0.00890825 
0.00180332 -0.00540996 -0.00296051 0.00888152 
0.00179791 -0.00539373 -0.00295163 0.00885488 
0.00178714 -0.00536142 -0.00293394 0.00880182 
0.00178178 -0.00534534 -0.00292514 0.00877542 
0.00177644 -0.00532931 -0.00291636 0.00874909 
0.00176579 -0.00529738 -0.00289889 0.00869667 
0.0017605 -0.00528149 -0.00289019 0.00867058 
0.00175522 -0.00526565 -0.00288152 0.00864457 
0.0017447 -0.0052341 -0.00286426 0.00859278 
0.00173425 -0.00520275 -0.0028471 0.0085413 
0.00172386 -0.00517158 -0.00283004 0.00849012 
0.00171869 -0.00515607 -0.00282155 0.00846465 
0.00171353 -0.0051406 -0.00281309 0.00843926 
0.00170839 -0.00512518 -0.00280465 0.00841394 
0.00170327 -0.00510981 -0.00279623 0.00838869 
0.00169816 -0.00509448 -0.00278784 0.00836353 
0.00168799 -0.00506396 -0.00277114 0.00831342 
0.00168292 -0.00504877 -0.00276283 0.00828848 
0.00167787 -0.00503362 -0.00275454 0.00826361 
0.00167284 -0.00501853 -0.00274627 0.00823882 
0.00166282 -0.00498846 -0.00272982 0.00818946 
0.00165286 -0.00495858 -0.00271346 0.00814039 
0.00164296 -0.00492887 -0.00269721 0.00809162 
0.00163803 -0.00491409 -0.00268912 0.00806735 
0.00163312 -0.00489935 -0.00268105 0.00804314 
0.00162822 -0.00488465 -0.002673 0.00801901 
0.00162333 -0.00487 -0.00266499 0.00799496 
0.00161846 -0.00485539 -0.00265699 0.00797097 
0.00161361 -0.00484082 -0.00264902 0.00794706 
0.00160877 -0.0048263 -0.00264107 0.00792321 
0.00159913 -0.00479739 -0.00262525 0.00787574 
0.00159433 -0.004783 -0.00261737 0.00785212 
0.00158955 -0.00476865 -0.00260952 0.00782856 
0.00158478 -0.00475435 -0.00260169 0.00780507 
0.00158003 -0.00474009 -0.00259389 0.00778166 
0.00157056 -0.00471169 -0.00257834 0.00773503 
0.00156116 -0.00468347 -0.0025629 0.00768869 
0.0015518 -0.00465541 -0.00254754 0.00764263 
0.00154251 -0.00462752 -0.00253228 0.00759684 
0.00153327 -0.0045998 -0.00251711 0.00755132 
0.00152867 -0.004586 -0.00250956 0.00752867 
0.00152408 -0.00457224 -0.00250203 0.00750608 
0.00151951 -0.00455853 -0.00249452 0.00748356 
0.00151495 -0.00454485 -0.00248704 0.00746111 
0.00150588 -0.00451763 -0.00247214 0.00741641 
0.00150136 -0.00450408 -0.00246472 0.00739416 
0.00149686 -0.00449057 -0.00245733 0.00737198 
0.00149237 -0.0044771 -0.00244995 0.00734986 
0.00148789 -0.00446367 -0.0024426 0.00732781 
0.00147898 -0.00443693 -0.00242797 0.00728391 
0.00146571 -0.00439712 -0.00240618 0.00721854 
0.00145255 -0.00435766 -0.00238459 0.00715377 
0.00144385 -0.00433156 -0.0023703 0.00711091 
0.0014352 -0.00430561 -0.0023561 0.00706831 
0.00142661 -0.00427982 -0.00234199 0.00702596 
0.00141806 -0.00425418 -0.00232796 0.00698387 
0.00141381 -0.00424142 -0.00232097 0.00696291 
0.00140534 -0.00421601 -0.00230707 0.0069212 
0.00139692 -0.00419075 -0.00229324 0.00687973 
0.00138855 -0.00416565 -0.0022795 0.00683851 
0.00138023 -0.0041407 -0.00226585 0.00679754 
0.00137609 -0.00412827 -0.00225905 0.00677715 
0.00137196 -0.00411589 -0.00225227 0.00675682 
0.00136785 -0.00410354 -0.00224551 0.00673654 
0.00136374 -0.00409123 -0.00223878 0.00671633 
0.00135965 -0.00407896 -0.00223206 0.00669618 
0.00135151 -0.00405453 -0.00221869 0.00665607 
0.00134341 -0.00403024 -0.0022054 0.00661619 
0.00133536 -0.00400609 -0.00219218 0.00657655 
0.00132338 -0.00397015 -0.00217251 0.00651753 
0.00131941 -0.00395824 -0.00216599 0.00649798 
0.00131546 -0.00394637 -0.0021595 0.00647849 
0.00131151 -0.00393453 -0.00215302 0.00645905 
0.00130365 -0.00391096 -0.00214012 0.00642035 
0.00129584 -0.00388753 -0.0021273 0.00638189 
0.00128808 -0.00386424 -0.00211455 0.00634365 
0.00128036 -0.00384109 -0.00210188 0.00630565 
0.00127269 -0.00381808 -0.00208929 0.00626787 
0.00126507 -0.00379521 -0.00207677 0.00623031 
0.00125749 -0.00377248 -0.00206433 0.00619299 
0.00125372 -0.00376116 -0.00205814 0.00617441 
0.00124996 -0.00374988 -0.00205196 0.00615588 
0.00124621 -0.00373863 -0.00204581 0.00613742 
0.00124247 -0.00372741 -0.00203967 0.006119 
0.00123503 -0.00370508 -0.00202745 0.00608234 
0.00122763 -0.00368289 -0.0020153 0.0060459 
0.00122028 -0.00366083 -0.00200323 0.00600968 
0.00121297 -0.0036389 -0.00199122 0.00597367 
0.00120933 -0.00362798 -0.00198525 0.00595575 
0.00120208 -0.00360625 -0.00197336 0.00592007 
0.00119488 -0.00358464 -0.00196153 0.0058846 
0.00118772 -0.00356317 -0.00194978 0.00584935 
0.00118061 -0.00354182 -0.0019381 0.0058143 
0.00117354 -0.00352061 -0.00192649 0.00577947 
0.00116651 -0.00349952 -0.00191495 0.00574484 
0.00115952 -0.00347855 -0.00190347 0.00571042 
0.00115604 -0.00346812 -0.00189776 0.00569329 
0.00115257 -0.00345771 -0.00189207 0.00567621 
0.00114911 -0.00344734 -0.00188639 0.00565918 
0.00114567 -0.003437 -0.00188073 0.0056422 
0.0011388 -0.00341641 -0.00186947 0.0056084 
0.00113198 -0.00339594 -0.00185827 0.0055748 
0.0011252 -0.0033756 -0.00184713 0.0055414 
0.00111846 -0.00335538 -0.00183607 0.0055082 
0.00111176 -0.00333528 -0.00182507 0.0054752 
0.0011051 -0.0033153 -0.00181413 0.00544239 
0.00109848 -0.00329544 -0.00180326 0.00540979 
0.00109518 -0.00328555 -0.00179785 0.00539356 
0.00108862 -0.00326587 -0.00178708 0.00536124 
0.0010821 -0.00324631 -0.00177637 0.00532912 
0.00107562 -0.00322686 -0.00176573 0.00529719 
0.00107239 -0.00321718 -0.00176043 0.0052813 
0.00106918 -0.00320753 -0.00175515 0.00526546 
0.00106597 -0.00319791 -0.00174989 0.00524966 
0.00106277 -0.00318831 -0.00174464 0.00523391 
0.0010564 -0.00316921 -0.00173418 0.00520255 
0.00105008 -0.00315023 -0.00172379 0.00517138 
0.00104379 -0.00313136 -0.00171347 0.0051404 
0.00104065 -0.00312196 -0.00170833 0.00512498 
0.00103753 -0.0031126 -0.0017032 0.0051096 
0.00103442 -0.00310326 -0.00169809 0.00509428 
0.00103132 -0.00309395 -0.001693 0.00507899 
0.00102822 -0.00308467 -0.00168792 0.00506375 
0.00102514 -0.00307542 -0.00168285 0.00504856 
0.00102206 -0.00306619 -0.00167781 0.00503342 
0.001019 -0.003057 -0.00167277 0.00501832 
0.00101594 -0.00304782 -0.00166775 0.00500326 
0.00100986 -0.00302957 -0.00165776 0.00497328 
0.00100381 -0.00301142 -0.00164783 0.00494349 
0.000997793 -0.00299338 -0.00163796 0.00491387 
0.0009948 -0.0029844 -0.00163304 0.00489913 
0.000991815 -0.00297545 -0.00162814 0.00488443 
0.000985874 -0.00295762 -0.00161839 0.00485517 
0.000982916 -0.00294875 -0.00161353 0.0048406 
0.000979968 -0.0029399 -0.00160869 0.00482608 
0.000974097 -0.00292229 -0.00159905 0.00479716 
0.000971175 -0.00291353 -0.00159426 0.00478277 
0.000968262 -0.00290479 -0.00158947 0.00476842 
0.000962462 -0.00288738 -0.00157995 0.00473986 
0.000956696 -0.00287009 -0.00157049 0.00471146 
0.000953826 -0.00286148 -0.00156577 0.00469732 
0.000948112 -0.00284434 -0.00155639 0.00466918 
0.000942432 -0.0028273 -0.00154707 0.00464121 
0.000936787 -0.00281036 -0.0015378 0.0046134 
0.000931175 -0.00279352 -0.00152859 0.00458576 
0.000928382 -0.00278514 -0.001524 0.004572 
0.00092282 -0.00276846 -0.00151487 0.00454461 
0.000917292 -0.00275188 -0.00150579 0.00451738 
0.00091454 -0.00274362 -0.00150128 0.00450383 
0.000909062 -0.00272718 -0.00149228 0.00447685 
0.000903616 -0.00271085 -0.00148334 0.00445003 
0.000898203 -0.00269461 -0.00147445 0.00442336 
0.000895508 -0.00268652 -0.00147003 0.00441009 
0.000892822 -0.00267847 -0.00146562 0.00439686 
0.000890144 -0.00267043 -0.00146122 0.00438367 
0.000887473 -0.00266242 -0.00145684 0.00437052 
0.000882157 -0.00264647 -0.00144811 0.00434434 
0.000876872 -0.00263062 -0.00143944 0.00431831 
0.000869005 -0.00260701 -0.00142652 0.00427956 
0.000863799 -0.0025914 -0.00141797 0.00425392 
0.000856049 -0.00256815 -0.00140525 0.00421575 
0.000853481 -0.00256044 -0.00140103 0.0042031 
0.00085092 -0.00255276 -0.00139683 0.00419049 
0.000845823 -0.00253747 -0.00138846 0.00416538 
0.000840756 -0.00252227 -0.00138014 0.00414043 
0.000835719 -0.00250716 -0.00137187 0.00411562 
0.000830713 -0.00249214 -0.00136365 0.00409096 
0.000825737 -0.00247721 -0.00135548 0.00406645 
0.00082079 -0.00246237 -0.00134736 0.00404209 
0.000815873 -0.00244762 -0.00133929 0.00401787 
0.000810985 -0.00243296 -0.00133127 0.0039938 
0.000806127 -0.00241838 -0.00132329 0.00396987 
0.000803709 -0.00241113 -0.00131932 0.00395796 
0.000801298 -0.00240389 -0.00131536 0.00394609 
0.000798894 -0.00239668 -0.00131142 0.00393425 
0.000794109 -0.00238233 -0.00130356 0.00391068 
0.000789351 -0.00236805 -0.00129575 0.00388725 
0.000784623 -0.00235387 -0.00128799 0.00386396 
0.000779922 -0.00233977 -0.00128027 0.00384081 
0.00077525 -0.00232575 -0.0012726 0.0038178 
0.000770606 -0.00231182 -0.00126498 0.00379493 
0.000768294 -0.00230488 -0.00126118 0.00378354 
0.000763692 -0.00229108 -0.00125362 0.00376087 
0.000759117 -0.00227735 -0.00124611 0.00373834 
0.000754569 -0.00226371 -0.00123865 0.00371595 
0.000752306 -0.00225692 -0.00123493 0.0037048 
0.000747799 -0.0022434 -0.00122753 0.0036826 
0.000743319 -0.00222996 -0.00122018 0.00366054 
0.00074109 -0.00222327 -0.00121652 0.00364956 
0.000738866 -0.0022166 -0.00121287 0.00363861 
0.00073665 -0.00220995 -0.00120923 0.00362769 
0.00073444 -0.00220332 -0.0012056 0.00361681 
0.000730041 -0.00219012 -0.00119838 0.00359514 
0.000725667 -0.002177 -0.0011912 0.0035736 
0.00072132 -0.00216396 -0.00118406 0.00355219 
0.000716999 -0.002151 -0.00117697 0.00353091 
0.000714848 -0.00214454 -0.00117344 0.00352031 
0.000710566 -0.0021317 -0.00116641 0.00349922 
0.000706309 -0.00211893 -0.00115942 0.00347826 
0.000702078 -0.00210623 -0.00115247 0.00345742 
0.000697872 -0.00209362 -0.00114557 0.00343671 
0.000693691 -0.00208107 -0.00113871 0.00341612 
0.000689536 -0.00206861 -0.00113188 0.00339565 
0.000685405 -0.00205622 -0.0011251 0.00337531 
0.000681299 -0.0020439 -0.00111836 0.00335508 
0.000677218 -0.00203165 -0.00111166 0.00333498 
0.000675186 -0.00202556 -0.00110833 0.00332498 
0.000673161 -0.00201948 -0.001105 0.003315 
0.000671142 -0.00201342 -0.00110169 0.00330506 
0.000669128 -0.00200738 -0.00109838 0.00329514 
0.00066512 -0.00199536 -0.0010918 0.0032754 
0.000661135 -0.00198341 -0.00108526 0.00325578 
0.000657175 -0.00197152 -0.00107876 0.00323627 
0.000653238 -0.00195971 -0.00107229 0.00321688 
0.000649325 -0.00194797 -0.00106587 0.00319761 
0.000647377 -0.00194213 -0.00106267 0.00318801 
0.000645435 -0.0019363 -0.00105948 0.00317845 
0.000643499 -0.0019305 -0.0010563 0.00316891 
0.000641568 -0.0019247 -0.00105314 0.00315941 
0.000637725 -0.00191317 -0.00104683 0.00314048 
0.000633905 -0.00190171 -0.00104055 0.00312166 
0.000630107 -0.00189032 -0.00103432 0.00310296 
0.000626332 -0.001879 -0.00102812 0.00308437 
0.000624454 -0.00187336 -0.00102504 0.00307512 
0.00062258 -0.00186774 -0.00102196 0.00306589 
0.000620713 -0.00186214 -0.0010189 0.00305669 
0.000618851 -0.00185655 -0.00101584 0.00304752 
0.000616994 -0.00185098 -0.00101279 0.00303838 
0.000613298 -0.00183989 -0.00100673 0.00302018 
0.000609624 -0.00182887 -0.00100069 0.00300208 
0.000605972 -0.00181792 -0.000994699 0.0029841 
0.000602342 -0.00180703 -0.000988739 0.00296622 
0.000600535 -0.00180161 -0.000985773 0.00295732 
0.000598734 -0.0017962 -0.000982816 0.00294845 
0.000596938 -0.00179081 -0.000979867 0.0029396 
0.000595147 -0.00178544 -0.000976927 0.00293078 
0.000593362 -0.00178008 -0.000973997 0.00292199 
0.000589807 -0.00176942 -0.000968161 0.00290448 
0.000586274 -0.00175882 -0.000962361 0.00288708 
0.000582762 -0.00174828 -0.000956595 0.00286978 
0.000581014 -0.00174304 -0.000953725 0.00286118 
0.000579271 -0.00173781 -0.000950864 0.00285259 
0.000577533 -0.0017326 -0.000948011 0.00284403 
0.0005758 -0.0017274 -0.000945167 0.0028355 
0.000574073 -0.00172222 -0.000942331 0.00282699 
0.000568922 -0.00170677 -0.000933876 0.00280163 
0.000565514 -0.00169654 -0.000928281 0.00278484 
0.00056044 -0.00168132 -0.000919951 0.00275985 
0.000557083 -0.00167125 -0.000914439 0.00274332 
0.000553746 -0.00166124 -0.000908961 0.00272688 
0.000550428 -0.00165128 -0.000903515 0.00271054 
0.000548777 -0.00164633 -0.000900804 0.00270241 
0.000547131 -0.00164139 -0.000898102 0.00269431 
0.000543853 -0.00163156 -0.000892721 0.00267816 
0.000540595 -0.00162179 -0.000887373 0.00266212 
0.000538974 -0.00161692 -0.00088471 0.00265413 
0.000537357 -0.00161207 -0.000882056 0.00264617 
0.000535745 -0.00160723 -0.00087941 0.00263823 
0.000534138 -0.00160241 -0.000876772 0.00263032 
0.000532535 -0.00159761 -0.000874141 0.00262242 
0.000530938 -0.00159281 -0.000871519 0.00261456 
0.000529345 -0.00158804 -0.000868904 0.00260671 
0.000526174 -0.00157852 -0.000863698 0.0025911 
0.000523022 -0.00156907 -0.000858524 0.00257557 
0.000519889 -0.00155967 -0.00085338 0.00256014 
