task_performance point_to_horizontal_plane 
0.158989 6.93733e-310 -0.25964 6.93733e-310 
0.151972 -0.435584 -0.249146 0.634257 
0.14329 -0.27627 -0.238013 0.426141 
0.136525 -0.391878 -0.228428 0.585133 
0.130418 -0.437152 -0.219243 0.310095 
0.124543 -0.0365147 -0.209403 0.335606 
0.119003 -0.201306 -0.20156 0.386532 
0.114407 -0.121081 -0.193608 0.361127 
0.108604 -0.1478 -0.185533 0.407508 
0.104997 -0.102216 -0.178584 0.254986 
0.101004 -0.21767 -0.171626 0.363954 
0.0970832 -0.211278 -0.164299 0.295586 
0.0940787 -0.245104 -0.156376 0.543454 
0.0907389 -0.157209 -0.149383 0.211745 
0.0871867 -0.164361 -0.143519 0.292891 
0.08365 -0.298342 -0.139603 0.346843 
0.0805166 -0.166691 -0.135644 0.411833 
0.0771634 -0.124052 -0.131059 0.0736523 
0.0754623 -0.292588 -0.125079 0.182251 
0.0728602 -0.0497501 -0.121711 0.295791 
0.0709891 -0.13707 -0.117667 0.405574 
0.0687473 -0.0760333 -0.112639 0.321464 
0.0666661 -0.0857324 -0.108024 0.155835 
0.0631238 -0.0689639 -0.104079 0.0871443 
0.0607195 -0.0830947 -0.100997 0.21431 
0.0591177 -0.0971689 -0.0963177 0.15691 
0.0562121 -0.0553963 -0.0932714 0.247575 
0.0537083 -0.111257 -0.0903742 0.118823 
0.0530455 -0.0818839 -0.0868866 -0.029841 
0.051931 -0.149829 -0.0827683 0.415251 
0.0492665 -0.160952 -0.0783742 0.278318 
0.0479006 -0.0510426 -0.07649 0.0846928 
0.0462418 -0.0328519 -0.0743534 0.117025 
0.0460484 -0.0268858 -0.0714915 0.021261 
0.0444964 0.0518442 -0.0694866 0.136991 
0.0434009 -0.0846134 -0.0663347 -0.0328265 
0.0411854 0.0684819 -0.0648182 0.162966 
0.0402085 -0.0933244 -0.0631979 0.113781 
0.0404856 -0.0448043 -0.0604832 0.0759575 
0.0392767 -0.047095 -0.0576513 0.0163036 
0.0390821 -0.251513 -0.0565487 -0.00681416 
0.0366223 -0.0367244 -0.0538999 0.111706 
0.035341 -0.109083 -0.0513342 0.0285017 
0.0336672 -0.0380052 -0.0495538 0.0851862 
0.0337011 -0.140941 -0.0472664 0.165382 
0.0314982 0.00649659 -0.0441562 0.156499 
0.0302327 -0.168716 -0.0408951 0.138542 
0.0288052 -0.0873663 -0.0392443 0.105925 
0.0264432 -0.0113395 -0.0376576 0.0564883 
0.0262238 -0.0895016 -0.0352222 0.168627 
0.0244355 -0.0199501 -0.0328328 0.00887139 
0.0217965 -0.218725 -0.0315218 0.00114338 
0.0210586 -0.0148591 -0.0312363 0.165014 
0.0193457 -0.0234039 -0.0286033 0.177626 
0.0181901 -0.0411776 -0.0262031 -0.0556423 
0.0159662 -0.0360147 -0.0226813 0.125558 
0.0149595 -0.0122729 -0.0206777 -0.0390649 
0.0142912 -0.248512 -0.0189684 0.103505 
0.0131762 -0.0810495 -0.01716 0.0645734 
0.0117194 -0.167097 -0.0152744 0.150802 
