task_performance point_to_horizontal_plane 
0.157132 -0.182949 
0.157097 -1.15911 -0.271465 -4.00855 
0.152827 -1.97141 -0.272416 1.7263 
0.147281 0.851934 -0.273503 -2.99046 
0.145263 -0.236774 -0.275611 1.71261 
0.150427 -0.74202 -0.270317 -0.396648 
0.148104 1.79664 -0.268279 -0.410951 
0.14754 -0.232861 -0.263749 -1.51599 
0.149298 -2.20495 -0.260646 -0.329284 
0.144451 -0.277426 -0.259632 2.52885 
0.137776 -0.178895 -0.262593 1.225 
0.134657 1.20141 -0.264164 -1.21977 
0.125787 1.9014 -0.271155 1.70389 
0.116962 0.444925 -0.277911 0.286843 
0.118326 1.57708 -0.278122 0.106579 
0.133308 0.784855 -0.265119 -2.6776 
0.13474 -2.67568 -0.260616 0.262279 
0.138676 -1.6099 -0.259998 -1.21846 
0.133725 -1.85953 -0.261674 -0.626232 
0.13101 -1.41116 -0.263757 2.45822 
0.126124 0.699195 -0.268699 0.838633 
0.128171 1.00433 -0.268918 -0.04207 
0.127078 1.93135 -0.269046 0.497957 
0.127827 0.926394 -0.266842 2.32188 
0.131064 -0.585395 -0.261151 -1.63058 
0.131064 0.786928 -0.264824 1.257 
0.128233 -2.11244 -0.262677 -0.843329 
0.127776 -1.19821 -0.264795 -1.83351 
0.119127 1.14454 -0.26872 -0.465282 
0.11707 -1.69188 -0.268921 -0.617646 
0.115928 -0.0902768 -0.265528 -2.51451 
0.115071 0.400013 -0.265762 2.2393 
0.119043 0.418132 -0.261941 2.46384 
0.122868 -1.66594 -0.258317 0.800497 
0.116117 4.31269 -0.264139 1.32379 
0.110915 0.0507756 -0.268036 0.255566 
0.110378 2.55645 -0.265083 -0.287776 
0.1135 2.28093 -0.256713 -0.752781 
0.108723 -0.672597 -0.254646 0.801671 
0.105444 -1.99808 -0.256335 0.194334 
0.0998931 0.939891 -0.25973 2.7135 
0.102454 2.15563 -0.260483 -1.5179 
0.105534 0.547504 -0.25533 1.81639 
0.104014 1.40338 -0.252129 -2.57661 
0.0961415 -0.818873 -0.25656 0.949412 
0.0896678 1.28527 -0.257066 3.34108 
0.0894496 -0.285389 -0.255839 0.212271 
0.0820622 0.313366 -0.257077 -1.25467 
0.0785469 -0.710654 -0.258411 -0.874384 
0.0689766 -1.23043 -0.265374 2.07407 
0.0684064 -0.615964 -0.263354 -2.05847 
0.061958 0.458008 -0.269836 -3.45961 
0.0597292 0.878082 -0.273913 1.37947 
0.0560589 1.84892 -0.276065 -2.29909 
0.0556712 2.27915 -0.278098 0.40726 
0.0518415 0.520705 -0.281948 -1.58242 
0.0415327 1.18716 -0.287234 0.627484 
0.0388435 -3.55698 -0.289552 -1.98106 
0.0342186 0.46523 -0.294977 -1.15736 
0.0376122 -0.711821 -0.29556 1.64957 
0.0397932 -2.79541 -0.292018 -0.0333423 
0.0361783 -1.04848 -0.290993 1.95023 
0.0443233 -1.0099 -0.280771 -0.318625 
0.0369169 1.07714 -0.274187 0.340231 
0.0412875 2.36884 -0.267645 -0.731225 
0.0371855 -1.07362 -0.268519 -0.306628 
0.0320097 1.05113 -0.27292 1.02575 
0.0385659 2.20884 -0.270147 0.862805 
0.0480525 0.678004 -0.262517 3.39215 
0.0490912 -0.805875 -0.252869 0.866076 
0.0408815 2.8386 -0.249817 -0.818096 
0.0404902 -1.07262 -0.241127 -1.44597 
0.0465784 -1.13625 -0.235396 1.3845 
0.0451142 2.50413 -0.23328 -1.42187 
0.0401893 1.54081 -0.233136 -1.18743 
0.0411899 -2.85775 -0.223605 1.61886 
0.0405697 0.792181 -0.221822 -0.214318 
0.0406701 -1.14357 -0.221805 1.66921 
0.0368101 1.22872 -0.225966 -1.24384 
0.039119 0.225411 -0.225424 0.926932 
0.028599 -0.78516 -0.228494 -1.90147 
0.021721 -0.00485085 -0.234691 1.11451 
0.0186909 1.09332 -0.232708 -2.60481 
0.0182138 -0.885837 -0.231309 1.07825 
0.0153668 -2.09135 -0.229547 -0.672732 
0.00787988 -0.353469 -0.22938 0.226211 
0.00686267 2.84129 -0.224325 -0.129104 
0.00656381 -2.54987 -0.223269 2.6936 
0.00788125 -1.47734 -0.227441 1.25604 
0.00367856 -1.70006 -0.23325 -3.2362 
0.00313996 0.756262 -0.23778 -2.26259 
0.00837604 -1.69617 -0.239177 0.895254 
0.0116153 1.69719 -0.238343 -1.41219 
0.0179475 0.957687 -0.232429 0.539345 
0.0287909 -0.823305 -0.220878 -2.27662 
0.0364923 -1.78697 -0.207462 0.218853 
0.0441424 -2.05482 -0.195376 -0.351622 
0.04305 -1.96138 -0.190559 -1.17548 
0.0405494 1.30161 -0.190218 0.12804 
0.0395957 -0.112843 -0.187548 1.66238 
0.0351637 1.66929 -0.187106 -1.11928 
0.0331578 0.949039 -0.183277 0.821631 
0.0338605 -1.32647 -0.176566 1.67958 
0.0307193 -0.972097 -0.173746 -0.276751 
0.0288659 0.315917 -0.174841 0.517234 
0.0333177 0.848163 -0.168745 0.384592 
0.0425465 -1.27208 -0.162364 -2.56109 
0.0387997 3.32559 -0.165493 0.134871 
0.0390892 -4.38905 -0.166067 0.645497 
0.0375006 -0.32266 -0.166923 0.235374 
0.0445815 -4.35599 -0.163171 1.58703 
0.051576 1.77938 -0.161418 3.26687 
0.0580399 -0.506716 -0.156333 0.344268 
0.0620409 -2.0567 -0.148493 1.48622 
0.0630112 -2.46686 -0.147893 -0.217897 
0.0555211 0.0846183 -0.15165 1.95601 
0.0504514 -0.258095 -0.155445 -1.33562 
0.0409986 -0.235589 -0.163041 0.212029 
0.0351543 -1.04477 -0.165825 -1.85431 
0.0285811 0.366227 -0.170139 0.979871 
0.0363871 0.371824 -0.165138 -0.630174 
0.0389783 -0.44523 -0.162797 0.709884 
0.0327521 -0.514157 -0.167584 0.00761492 
0.0315322 -0.120238 -0.167473 1.54502 
0.0258434 1.14236 -0.172118 0.541712 
0.0253531 -1.88813 -0.175446 -1.17916 
0.0263387 -2.11938 -0.176055 0.766157 
0.0238677 -0.961651 -0.175904 -1.15079 
0.0270738 -1.8488 -0.177899 -0.656178 
0.027483 1.21093 -0.176845 0.607736 
0.0286214 1.88821 -0.173902 -3.08016 
0.0268012 -2.11152 -0.169184 0.555195 
0.022579 0.680218 -0.167093 -0.216472 
0.0204627 -0.950771 -0.161441 -3.17954 
0.0209443 0.700232 -0.159031 -1.08132 
0.019991 -2.45751 -0.160347 -4.85421 
0.0176149 0.125122 -0.161556 -1.13969 
0.0084437 1.02849 -0.167472 -1.96203 
0.00468369 0.892451 -0.168533 1.47993 
0.00404739 0.591056 -0.165863 2.83082 
0.00507542 -2.51983 -0.163141 1.56932 
-0.00175558 1.82813 -0.166076 -0.74425 
-0.0111565 -1.80769 -0.168489 -3.75825 
-0.0103932 0.657519 -0.171586 -1.61756 
-0.00766535 1.39836 -0.171248 1.23231 
-0.00305552 -2.30004 -0.16938 -0.00150185 
-0.00400707 0.0634013 -0.172896 -1.01773 
-0.00521231 -1.63672 -0.175383 1.54682 
-0.00757592 -1.61916 -0.176255 1.60077 
-0.0154412 0.418627 -0.183237 4.33529 
-0.0142106 1.35361 -0.186086 2.26631 
