task_performance point_to_horizontal_plane 
0.187248 6.92017e-310 -0.277386 8.42244e+252 
0.201996 0.914466 -0.259372 1.34526 
0.221594 1.00565 -0.239581 1.34252 
0.242484 0.865168 -0.217655 0.91781 
0.262732 1.00247 -0.195488 0.934143 
0.281983 1.22692 -0.176141 1.245 
0.300148 0.509708 -0.155725 1.34078 
0.318934 0.626765 -0.135476 1.02132 
0.340488 0.847496 -0.111936 1.05246 
0.3604 0.628093 -0.0897254 1.33489 
0.377702 1.13984 -0.0684022 0.873552 
0.396628 1.38627 -0.0491187 0.694001 
0.415215 0.882921 -0.0310191 0.84584 
0.431963 0.577512 -0.0169658 1.06064 
0.44677 1.22891 -0.0104373 1.34348 
0.462103 0.497097 -0.00596653 0.981945 
0.479845 1.49277 -0.00218221 1.08363 
0.498676 1.26476 0.00205988 1.86254 
0.517925 0.942445 0.00671156 1.51129 
0.537578 1.16033 0.0117446 0.865481 
0.556272 1.5427 0.0173225 1.18798 
0.575069 1.36328 0.0234249 1.1095 
0.593429 1.18988 0.0297319 0.836225 
0.611212 1.04245 0.0366443 0.942922 
0.627846 0.825123 0.0444519 0.857869 
0.645007 0.588306 0.0518667 0.876807 
0.66049 1.27589 0.060563 1.17562 
0.67599 1.08145 0.0692369 1.45583 
0.691111 1.1255 0.0779844 1.23743 
0.707049 0.768529 0.0854098 1.09305 
0.721599 0.993332 0.0942631 0.440918 
0.736709 0.936275 0.101873 0.798021 
0.751331 0.853755 0.109346 1.47377 
0.764191 1.20515 0.118193 1.21023 
0.77679 1.67843 0.126917 1.1356 
0.789657 0.836381 0.134245 1.56772 
0.800112 1.2769 0.143992 0.77275 
0.810087 0.762515 0.153513 1.30816 
0.819142 0.957136 0.163387 1.15844 
0.826548 0.751233 0.174479 1.24574 
0.832225 0.619706 0.186904 0.842968 
0.836934 0.479039 0.19959 1.21866 
0.840606 0.865454 0.212476 0.581729 
0.841443 0.974179 0.227838 1.56826 
0.840807 1.25121 0.243765 0.704532 
0.839272 0.547481 0.25919 1.15125 
0.836277 0.717563 0.271395 1.33944 
0.858764 0.544676 0.250984 0.835339 
0.888556 1.09775 0.215585 0.929676 
0.915597 1.25551 0.176323 1.02561 
0.939186 1.15103 0.134082 0.776145 
0.958443 1.09078 0.0906269 1.33592 
0.972539 1.04143 0.0499036 1.10345 
0.982591 0.465962 0.0124723 0.487781 
0.989536 1.22375 -0.0215686 1.1291 
0.99409 0.719876 -0.0520556 1.31741 
0.996846 1.08268 -0.0790255 1.06885 
0.998246 0.807485 -0.103526 0.956421 
0.998566 0.406227 -0.126232 0.732876 
0.998004 1.37383 -0.147532 0.629137 
0.996412 1.18595 -0.171044 0.873965 
0.993892 1.25262 -0.194329 1.00152 
0.993303 0.468256 -0.198824 1.10834 
0.995019 1.31799 -0.185096 1.15323 
0.996476 1.13576 -0.170667 0.868764 
0.99576 0.999501 -0.17821 0.383968 
0.993679 0.631936 -0.196062 0.956706 
0.994375 1.23966 -0.190531 0.783737 
0.996332 0.671137 -0.17237 0.772063 
0.996383 0.761741 -0.171721 1.29599 
0.994105 1.40071 -0.192748 1.31386 
0.994078 1.26263 -0.192976 0.248351 
0.996295 0.790524 -0.172789 1.24646 
0.996705 0.915626 -0.168045 0.796455 
0.994632 0.827191 -0.188446 1.32015 
0.993018 0.998559 -0.200924 1.45326 
0.994431 0.835887 -0.190104 1.00227 
0.996597 0.84362 -0.169226 1.39685 
0.99751 0.715201 -0.157665 1.07591 
0.997305 1.0918 -0.160402 1.21507 
0.995132 1.17547 -0.184089 1.04098 
0.992911 1.1488 -0.201628 0.873019 
0.99427 0.130957 -0.1914 0.849339 
0.996694 0.368187 -0.168292 0.73615 
0.997797 1.21347 -0.153049 1.10065 
0.997018 0.798706 -0.164068 1.0508 
0.994617 0.836148 -0.188567 0.812366 
0.993064 0.860412 -0.200588 0.911792 
0.995372 1.02031 -0.181954 1.55145 
0.997558 0.775729 -0.156937 1.3151 
0.997727 0.603641 -0.15397 1.45333 
0.996054 0.892946 -0.175195 1.21661 
0.993664 0.435608 -0.196182 1.24521 
0.99352 0.600577 -0.197262 1.78479 
0.995919 1.14992 -0.176684 0.384471 
0.997397 1.2493 -0.159227 1.21998 
0.996841 0.890802 -0.166385 0.610436 
0.994304 1.47179 -0.191107 1.0317 
0.993749 0.44426 -0.195472 1.24575 
0.995308 0.689629 -0.182478 1.10003 
0.996442 0.858732 -0.171119 1.07063 
