task performance task dynamics
1.20702 6.93237e-310 
1.20911 -10.0214 
1.20157 4.31576 
1.19124 -7.47615 
1.18433 4.28153 
1.19213 -0.991619 
1.19535 -1.02738 
1.20143 -3.78999 
1.20591 -0.82321 
1.20901 6.32212 
1.21047 3.0625 
1.21399 -3.04942 
1.21056 4.25973 
1.20799 0.717107 
1.20998 0.266447 
1.22488 -6.694 
1.23957 0.655698 
1.25215 -3.04615 
1.25608 -1.56558 
1.25817 6.14555 
1.25996 2.09658 
1.26739 -0.105175 
1.27026 1.24489 
1.27231 5.8047 
1.2753 -4.07645 
1.27521 3.14249 
1.27284 -2.10832 
1.26769 -4.58377 
1.25844 2.86134 
1.25493 -1.54411 
1.25607 -6.28628 
1.25217 5.59825 
1.25706 6.1596 
1.2672 2.00124 
1.26756 3.30947 
1.25903 0.638916 
1.25352 -0.71944 
1.24881 -1.88195 
1.24512 2.00418 
1.23867 0.485836 
1.22804 6.78375 
1.22178 -3.79475 
1.22119 4.54098 
1.22082 -6.44152 
1.21305 2.37353 
1.20329 8.3527 
1.19745 0.530676 
1.19185 -3.13668 
1.18485 -2.18596 
1.17088 5.18517 
1.15653 -5.14618 
1.14499 1.14502 
1.14719 2.19521 
1.14694 4.62231 
1.14893 5.69787 
1.15672 1.30176 
1.15218 2.96791 
1.14989 -8.89244 
1.1427 1.16307 
1.14055 -1.77955 
1.14258 -6.98853 
1.14112 -2.6212 
1.15065 -2.52474 
1.14633 2.69285 
1.14818 5.92209 
1.14529 -2.68405 
1.13359 2.62782 
1.13601 5.52211 
1.15353 1.69501 
1.16629 -2.01469 
1.16296 7.09649 
1.16076 -2.68154 
1.16476 -2.84062 
1.16813 6.26033 
1.16775 3.85202 
1.16941 -7.14438 
1.16703 1.98045 
1.16284 -2.85894 
1.1569 3.07179 
1.15696 0.563529 
1.14662 -1.9629 
1.12995 -0.0121271 
1.13007 2.73329 
1.12976 -2.21459 
1.12896 -5.22839 
1.12133 -0.883672 
1.11477 7.10321 
1.10988 -6.37467 
1.09889 -3.69335 
1.09426 -4.25015 
1.0863 1.89065 
1.08857 -4.24043 
1.09 4.24298 
1.09094 2.39422 
1.10899 -2.05826 
1.12182 0.547133 
1.14223 -0.879055 
1.15407 -2.9387 
1.1596 0.3201 
1.16447 4.15595 
1.15651 4.17323 
0.0472933 -0.0236466 -0.0208939 0.010447 -0.00472588 0.00236294 -0.0509749 0.0254875 -0.00327931 0.00163965 -0.0124215 0.00621074 0.00395206 -0.00197603 -0.90091 0.450455 -0.0666683 0.0333342 0.429279 -0.214639 -0.126548 0.0632741 0.00355818 -0.00177909 -0.0431651 0.0215825 -0.0135414 0.00677069 
0.0469251 -0.0234625 -0.020738 0.010369 -0.0046916 0.0023458 -0.0505944 0.0252972 -0.00325688 0.00162844 -0.0123273 0.00616367 0.00392075 -0.00196037 -0.891954 0.445977 -0.066004 0.033002 0.425011 -0.212505 -0.125283 0.0626413 0.00351907 -0.00175954 -0.0427325 0.0213663 -0.0134085 0.00670423 
0.0465607 -0.0232804 -0.0205838 0.0102919 -0.00465786 0.00232893 -0.050218 0.025109 -0.00323477 0.00161738 -0.0122342 0.00611711 0.00388978 -0.00194489 -0.883087 0.441543 -0.0653463 0.0326732 0.420786 -0.210393 -0.12403 0.062015 0.00348037 -0.00174019 -0.0423044 0.0211522 -0.0132769 0.00663845 
0.0462 -0.0231 -0.0204314 0.0102157 -0.00462488 0.00231244 -0.049846 0.024923 -0.00321316 0.00160658 -0.0121421 0.00607104 0.0038591 -0.00192955 -0.874307 0.437154 -0.0646951 0.0323476 0.416602 -0.208301 -0.12279 0.0613952 0.00344208 -0.00172104 -0.0418806 0.0209403 -0.0131467 0.00657334 
0.0458429 -0.0229214 -0.0202807 0.0101404 -0.00459239 0.00229619 -0.0494779 0.024739 -0.00319193 0.00159597 -0.0120509 0.00602544 0.00382867 -0.00191434 -0.865615 0.432808 -0.0640504 0.0320252 0.412461 -0.20623 -0.121564 0.0607818 0.00340419 -0.0017021 -0.0414611 0.0207305 -0.0130178 0.00650891 
0.0454896 -0.0227448 -0.0201314 0.0100657 -0.00455994 0.00227997 -0.0491132 0.0245566 -0.00317074 0.00158537 -0.0119606 0.00598031 0.00379858 -0.00189929 -0.857009 0.428505 -0.0634121 0.0317061 0.40836 -0.20418 -0.120349 0.0601747 0.0033667 -0.00168335 -0.0410459 0.0205229 -0.0128903 0.00644513 
0.04514 -0.02257 -0.0199837 0.00999184 -0.00452812 0.00226406 -0.0487527 0.0243763 -0.00314986 0.00157493 -0.0118714 0.00593569 0.00376886 -0.00188443 -0.848489 0.424244 -0.0627802 0.0313901 0.404301 -0.20215 -0.119148 0.059574 0.0033296 -0.0016648 -0.0406349 0.0203174 -0.012764 0.00638201 
0.044794 -0.022397 -0.0198375 0.00991875 -0.00449662 0.00224831 -0.0483958 0.0241979 -0.00312922 0.00156461 -0.0117831 0.00589153 0.00373942 -0.00186971 -0.840052 0.420026 -0.0621546 0.0310773 0.400282 -0.200141 -0.117959 0.0589794 0.00329291 -0.00164646 -0.040228 0.020114 -0.012639 0.00631952 
0.0444515 -0.0222258 -0.0196929 0.00984643 -0.00446557 0.00223279 -0.0480427 0.0240213 -0.00310887 0.00155443 -0.0116957 0.00584783 0.00371028 -0.00185514 -0.8317 0.41585 -0.0615352 0.0307676 0.396303 -0.198151 -0.116782 0.058391 0.00325662 -0.00162831 -0.0398253 0.0199127 -0.0125154 0.00625768 
0.0441132 -0.0220566 -0.0195495 0.00977475 -0.00443454 0.00221727 -0.0476928 0.0238464 -0.00308852 0.00154426 -0.0116092 0.0058046 0.00368147 -0.00184074 -0.82343 0.411715 -0.0609221 0.030461 0.392364 -0.196182 -0.115617 0.0578087 0.00322072 -0.00161036 -0.0394267 0.0197133 -0.0123929 0.00619646 
0.0437853 -0.0218927 -0.0194081 0.00970407 -0.0044038 0.0022019 -0.0473474 0.0236737 -0.00306849 0.00153424 -0.0115237 0.00576187 0.00365306 -0.00182653 -0.815234 0.407617 -0.0603148 0.0301574 0.388463 -0.194232 -0.114464 0.0572321 0.00318507 -0.00159254 -0.0390322 0.0195161 -0.0122718 0.00613588 
0.0434613 -0.0217306 -0.0192681 0.00963405 -0.00437328 0.00218664 -0.0470054 0.0235027 -0.00304858 0.00152429 -0.0114392 0.00571959 0.00362495 -0.00181247 -0.80712 0.40356 -0.0597137 0.0298569 0.384602 -0.192301 -0.113323 0.0566615 0.00314983 -0.00157492 -0.0386417 0.0193209 -0.0121518 0.00607592 
0.0431402 -0.0215701 -0.0191294 0.00956469 -0.00434295 0.00217147 -0.0466669 0.0233334 -0.00302872 0.00151436 -0.0113555 0.00567777 0.00359721 -0.00179861 -0.799086 0.399543 -0.0591186 0.0295593 0.380779 -0.19039 -0.112194 0.0560968 0.00311498 -0.00155749 -0.0382552 0.0191276 -0.0120331 0.00601656 
0.0428169 -0.0214085 -0.0189877 0.00949386 -0.00430846 0.00215423 -0.0463188 0.0231594 -0.00300805 0.00150403 -0.0112723 0.00563613 0.00357009 -0.00178505 -0.791131 0.395565 -0.0585292 0.0292646 0.376995 -0.188497 -0.111075 0.0555376 0.00308016 -0.00154008 -0.0378728 0.0189364 -0.0119159 0.00595793 
0.0425049 -0.0212525 -0.0188521 0.00942603 -0.00427809 0.00213905 -0.0459878 0.0229939 -0.00298815 0.00149408 -0.0111907 0.00559536 0.00354312 -0.00177156 -0.783255 0.391628 -0.057946 0.028973 0.373248 -0.186624 -0.109969 0.0549847 0.003046 -0.001523 -0.0374941 0.018747 -0.0117997 0.00589983 
0.0421945 -0.0210972 -0.0187164 0.0093582 -0.00424728 0.00212364 -0.0456569 0.0228285 -0.00296729 0.00148364 -0.0111089 0.00555445 0.00351635 -0.00175818 -0.775458 0.387729 -0.0573686 0.0286843 0.369538 -0.184769 -0.108875 0.0544376 0.00301224 -0.00150612 -0.0371192 0.0185596 -0.0116846 0.00584231 
0.0418891 -0.0209446 -0.0185834 0.00929171 -0.00421753 0.00210876 -0.0453325 0.0226663 -0.00294736 0.00147368 -0.011029 0.00551451 0.0034901 -0.00174505 -0.767738 0.383869 -0.056797 0.0283985 0.365866 -0.182933 -0.107792 0.0538962 0.00297881 -0.00148941 -0.0367481 0.0183741 -0.0115708 0.00578541 
0.0415874 -0.0207937 -0.0184516 0.00922581 -0.00418809 0.00209404 -0.0450117 0.0225058 -0.00292756 0.00146378 -0.0109502 0.00547508 0.00346425 -0.00173212 -0.760095 0.380047 -0.0562313 0.0281156 0.36223 -0.181115 -0.106721 0.0533605 0.00294578 -0.00147289 -0.0363809 0.0181904 -0.0114582 0.00572909 
0.0412882 -0.0206441 -0.018321 0.00916049 -0.00415859 0.00207929 -0.0446938 0.0223469 -0.0029078 0.0014539 -0.0108722 0.00543608 0.00343871 -0.00171935 -0.752528 0.376264 -0.0556712 0.0278356 0.35863 -0.179315 -0.105661 0.0528305 0.00291312 -0.00145656 -0.0360174 0.0180087 -0.0113467 0.00567335 
0.0409924 -0.0204962 -0.0181917 0.00909585 -0.00412951 0.00206475 -0.0443796 0.0221898 -0.00288816 0.00144408 -0.0107951 0.00539757 0.00341358 -0.00170679 -0.745035 0.372518 -0.0551168 0.0275584 0.355066 -0.177533 -0.104612 0.052306 0.00288083 -0.00144042 -0.0356576 0.0178288 -0.0112364 0.0056182 
0.0407 -0.02035 -0.0180638 0.00903192 -0.00410112 0.00205056 -0.0440691 0.0220346 -0.00286891 0.00143446 -0.010719 0.00535949 0.00338873 -0.00169437 -0.737617 0.368808 -0.0545681 0.027284 0.351538 -0.175769 -0.103574 0.051787 0.00284894 -0.00142447 -0.0353016 0.0176508 -0.0111272 0.00556361 
0.0404102 -0.0202051 -0.0179374 0.00896869 -0.004073 0.0020365 -0.0437618 0.0218809 -0.00284986 0.00142493 -0.0106436 0.00532181 0.00336415 -0.00168208 -0.730273 0.365136 -0.0540248 0.0270124 0.348045 -0.174022 -0.102547 0.0512735 0.00281741 -0.00140871 -0.0349493 0.0174747 -0.0110192 0.0055096 
0.0401223 -0.0200612 -0.017811 0.0089055 -0.0040453 0.00202265 -0.0434554 0.0217277 -0.00283035 0.00141518 -0.010568 0.00528399 0.00333962 -0.00166981 -0.723 0.3615 -0.0534871 0.0267435 0.344587 -0.172293 -0.101531 0.0507656 0.0027863 -0.00139315 -0.0346008 0.0173004 -0.0109123 0.00545614 
0.0398382 -0.0199191 -0.0176875 0.00884377 -0.00401756 0.00200878 -0.0431534 0.0215767 -0.00281199 0.001406 -0.0104936 0.0052468 0.00331515 -0.00165757 -0.715801 0.357901 -0.0529549 0.0264775 0.341163 -0.170581 -0.100526 0.0502629 0.00275555 -0.00137777 -0.0342558 0.0171279 -0.0108065 0.00540324 
0.0395576 -0.0197788 -0.0175647 0.00878236 -0.00399003 0.00199501 -0.0428545 0.0214273 -0.00279341 0.00139671 -0.0104204 0.00521018 0.00329116 -0.00164558 -0.708672 0.354336 -0.0524282 0.0262141 0.337773 -0.168886 -0.0995313 0.0497657 0.00272518 -0.00136259 -0.0339145 0.0169572 -0.0107018 0.00535089 
0.0392796 -0.0196398 -0.0174431 0.00872156 -0.00396276 0.00198138 -0.0425592 0.0212796 -0.00277492 0.00138746 -0.0103481 0.00517405 0.00326763 -0.00163381 -0.701615 0.350808 -0.0519068 0.0259534 0.334417 -0.167208 -0.0985473 0.0492737 0.00269518 -0.00134759 -0.0335768 0.0167884 -0.0105982 0.00529908 
0.0390049 -0.0195025 -0.0173229 0.00866143 -0.00393616 0.00196808 -0.0422675 0.0211338 -0.00275674 0.00137837 -0.0102767 0.00513835 0.00324441 -0.00162221 -0.694627 0.347314 -0.0513907 0.0256954 0.331094 -0.165547 -0.0975739 0.048787 0.00266558 -0.00133279 -0.0332427 0.0166213 -0.0104956 0.00524782 
0.0387312 -0.0193656 -0.0172027 0.00860135 -0.00390983 0.00195491 -0.0419764 0.0209882 -0.00273804 0.00136902 -0.010205 0.00510249 0.00322123 -0.00161062 -0.687709 0.343854 -0.0508798 0.0254399 0.327804 -0.163902 -0.0966109 0.0483055 0.00263636 -0.00131818 -0.0329122 0.0164561 -0.0103942 0.00519708 
0.0384623 -0.0192311 -0.0170851 0.00854253 -0.00388319 0.00194159 -0.0416893 0.0208446 -0.00272015 0.00136008 -0.0101346 0.00506728 0.00319822 -0.00159911 -0.680859 0.340429 -0.0503744 0.0251872 0.324547 -0.162273 -0.0956582 0.0478291 0.00260753 -0.00130377 -0.0325852 0.0162926 -0.0102938 0.00514688 
0.0381962 -0.0190981 -0.0169685 0.00848427 -0.00385754 0.00192877 -0.0414063 0.0207032 -0.00270252 0.00135126 -0.0100653 0.00503263 0.00317567 -0.00158784 -0.674077 0.337038 -0.049874 0.024937 0.321322 -0.160661 -0.0947158 0.0473579 0.00257906 -0.00128953 -0.0322618 0.0161309 -0.0101944 0.00509721 
0.0379319 -0.018966 -0.0168531 0.00842656 -0.00383182 0.00191591 -0.0411259 0.020563 -0.00268512 0.00134256 -0.0099967 0.00499835 0.00315329 -0.00157665 -0.667362 0.333681 -0.0493788 0.0246894 0.318129 -0.159065 -0.0937834 0.0468917 0.00255098 -0.00127549 -0.0319419 0.0159709 -0.0100961 0.00504805 
0.0376709 -0.0188355 -0.0167393 0.00836966 -0.00380734 0.00190367 -0.0408498 0.0204249 -0.00266837 0.00133418 -0.00992901 0.0049645 0.00313121 -0.00156561 -0.660714 0.330357 -0.0488887 0.0244444 0.314968 -0.157484 -0.0928612 0.0464306 0.00252329 -0.00126165 -0.0316255 0.0158127 -0.00999881 0.0049994 
0.037411 -0.0187055 -0.0166254 0.00831272 -0.00378198 0.00189099 -0.0405719 0.0202859 -0.00265081 0.00132541 -0.00986029 0.00493015 0.00310878 -0.00155439 -0.654131 0.327065 -0.0484036 0.0242018 0.311838 -0.155919 -0.0919489 0.0459745 0.00249599 -0.00124799 -0.0313125 0.0156563 -0.00990253 0.00495126 
0.0371552 -0.0185776 -0.0165134 0.00825672 -0.00375698 0.00187849 -0.0402997 0.0201499 -0.00263372 0.00131686 -0.00979381 0.0048969 0.00308713 -0.00154356 -0.647614 0.323807 -0.0479236 0.0239618 0.30874 -0.15437 -0.0910465 0.0455232 0.00246903 -0.00123452 -0.031003 0.0155015 -0.00980727 0.00490364 
0.0369024 -0.0184512 -0.0164026 0.00820132 -0.00373252 0.00186626 -0.0400311 0.0200155 -0.00261693 0.00130847 -0.00972824 0.00486412 0.00306584 -0.00153292 -0.641161 0.320581 -0.0474485 0.0237243 0.305672 -0.152836 -0.0901538 0.0450769 0.00244246 -0.00122123 -0.030697 0.0153485 -0.00971302 0.00485651 
0.0366521 -0.0183261 -0.0162934 0.00814669 -0.00370912 0.00185456 -0.0397664 0.0198832 -0.00260077 0.00130039 -0.00966344 0.00483172 0.00304477 -0.00152239 -0.634772 0.317386 -0.0469784 0.0234892 0.302634 -0.151317 -0.0892709 0.0446355 0.00241629 -0.00120815 -0.0303944 0.0151972 -0.00961975 0.00480988 
0.0364029 -0.0182015 -0.0161839 0.00809194 -0.00368467 0.00184234 -0.0394992 0.0197496 -0.00258367 0.00129183 -0.00959748 0.00479874 0.00302332 -0.00151166 -0.628447 0.314223 -0.0465131 0.0232565 0.299627 -0.149813 -0.0883976 0.0441988 0.00239049 -0.00119524 -0.0300951 0.0150475 -0.00952745 0.00476373 
0.0361571 -0.0180785 -0.0160767 0.00803834 -0.00366129 0.00183065 -0.0392388 0.0196194 -0.00256768 0.00128384 -0.00953382 0.00476691 0.00300255 -0.00150128 -0.622184 0.311092 -0.0460526 0.0230263 0.296649 -0.148324 -0.0875338 0.0437669 0.00236504 -0.00118252 -0.0297992 0.0148996 -0.00943614 0.00471807 
0.035914 -0.017957 -0.015971 0.00798548 -0.00363874 0.00181937 -0.0389821 0.019491 -0.00255236 0.00127618 -0.0094709 0.00473545 0.00298193 -0.00149097 -0.615983 0.307992 -0.0455969 0.0227985 0.293701 -0.14685 -0.0866795 0.0433397 0.00233997 -0.00116999 -0.0295067 0.0147533 -0.00934578 0.00467289 
0.035672 -0.017836 -0.015865 0.00793248 -0.00361533 0.00180766 -0.0387234 0.0193617 -0.00253608 0.00126804 -0.00940699 0.0047035 0.00296107 -0.00148053 -0.609844 0.304922 -0.045146 0.022573 0.290782 -0.145391 -0.0858345 0.0429173 0.00231531 -0.00115765 -0.0292175 0.0146087 -0.00925636 0.00462818 
0.035431 -0.0177155 -0.0157587 0.00787933 -0.00359019 0.0017951 -0.0384642 0.0192321 -0.00251974 0.00125987 -0.00934499 0.00467249 0.0029411 -0.00147055 -0.603766 0.301883 -0.0446996 0.0223498 0.287892 -0.143946 -0.0849984 0.0424992 0.00229084 -0.00114542 -0.0289316 0.0144658 -0.00916798 0.00458399 
0.0351905 -0.0175952 -0.0156532 0.00782659 -0.00356509 0.00178254 -0.0382072 0.0191036 -0.00250363 0.00125181 -0.00928389 0.00464195 0.00292152 -0.00146076 -0.597749 0.298875 -0.0442579 0.022129 0.28503 -0.142515 -0.0841715 0.0420858 0.00226672 -0.00113336 -0.028649 0.0143245 -0.00908054 0.00454027 
0.0349586 -0.0174793 -0.0155502 0.00777509 -0.0035412 0.0017706 -0.0379564 0.0189782 -0.0024867 0.00124335 -0.00922237 0.00461119 0.00290173 -0.00145087 -0.59179 0.295895 -0.043821 0.0219105 0.282197 -0.141098 -0.0833541 0.0416771 0.00224312 -0.00112156 -0.0283696 0.0141848 -0.00899394 0.00449697 
0.0347308 -0.0173654 -0.0154494 0.00772469 -0.00351853 0.00175926 -0.0377127 0.0188563 -0.00247071 0.00123536 -0.00916324 0.00458162 0.0028828 -0.0014414 -0.58589 0.292945 -0.0433886 0.0216943 0.279392 -0.139696 -0.0825457 0.0412728 0.00221985 -0.00110992 -0.0280934 0.0140467 -0.00890828 0.00445414 
0.0345038 -0.0172519 -0.0153484 0.00767419 -0.00349612 0.00174806 -0.0374692 0.0187346 -0.00245418 0.00122709 -0.00910375 0.00455187 0.00286393 -0.00143197 -0.580049 0.290024 -0.0429607 0.0214803 0.276614 -0.138307 -0.0817462 0.0408731 0.00219695 -0.00109848 -0.0278205 0.0139102 -0.00882351 0.00441176 
0.0342812 -0.0171406 -0.0152498 0.0076249 -0.00347327 0.00173663 -0.037229 0.0186145 -0.00243833 0.00121917 -0.00904533 0.00452267 0.00284515 -0.00142257 -0.574265 0.287132 -0.0425374 0.0212687 0.273864 -0.136932 -0.0809555 0.0404777 0.0021744 -0.0010872 -0.0275506 0.0137753 -0.00873965 0.00436983 
0.0340605 -0.0170303 -0.015152 0.00757599 -0.00345139 0.00172569 -0.0369931 0.0184965 -0.00242273 0.00121136 -0.00898823 0.00449412 0.00282699 -0.00141349 -0.568538 0.284269 -0.0421185 0.0210592 0.271141 -0.135571 -0.0801735 0.0400868 0.00215221 -0.0010761 -0.027284 0.013642 -0.00865669 0.00432835 
0.0338408 -0.0169204 -0.0150541 0.00752704 -0.00342899 0.00171449 -0.0367559 0.018378 -0.00240643 0.00120322 -0.00893025 0.00446512 0.00280861 -0.00140431 -0.562869 0.281434 -0.0417039 0.020852 0.268446 -0.134223 -0.0794003 0.0397002 0.00213038 -0.00106519 -0.0270205 0.0135103 -0.00857459 0.0042873 
0.0336252 -0.0168126 -0.014958 0.007479 -0.00340715 0.00170358 -0.0365238 0.0182619 -0.00239069 0.00119534 -0.00887415 0.00443707 0.0027908 -0.0013954 -0.557255 0.278627 -0.0412938 0.0206469 0.265776 -0.132888 -0.0786356 0.0393178 0.00210888 -0.00105444 -0.0267601 0.0133801 -0.00849339 0.00424669 
0.0334113 -0.0167057 -0.0148634 0.0074317 -0.00338654 0.00169327 -0.036296 0.018148 -0.00237582 0.00118791 -0.00881894 0.00440947 0.00277328 -0.00138664 -0.551697 0.275848 -0.040888 0.020444 0.263133 -0.131567 -0.0778795 0.0389398 0.00208774 -0.00104387 -0.0265028 0.0132514 -0.00841304 0.00420652 
0.0331985 -0.0165992 -0.0147683 0.00738413 -0.00336452 0.00168226 -0.0360649 0.0180325 -0.00235974 0.00117987 -0.00876246 0.00438123 0.00275535 -0.00137767 -0.546194 0.273097 -0.0404864 0.0202432 0.260516 -0.130258 -0.0771318 0.0385659 0.00206695 -0.00103348 -0.0262486 0.0131243 -0.00833354 0.00416677 
0.0329889 -0.0164945 -0.0146754 0.00733769 -0.00334398 0.00167199 -0.0358411 0.0179205 -0.00234496 0.00117248 -0.00870833 0.00435417 0.00273817 -0.00136908 -0.540745 0.270373 -0.0400891 0.0200446 0.257925 -0.128963 -0.0763924 0.0381962 0.0020465 -0.00102325 -0.0259974 0.0129987 -0.00825491 0.00412745 
0.0327798 -0.0163899 -0.0145826 0.0072913 -0.00332314 0.00166157 -0.0356157 0.0178079 -0.00232982 0.00116491 -0.00865307 0.00432653 0.00272052 -0.00136026 -0.53535 0.267675 -0.039696 0.019848 0.25536 -0.12768 -0.0756613 0.0378307 0.00202641 -0.00101321 -0.0257493 0.0128746 -0.00817709 0.00408855 
0.0325749 -0.0162874 -0.0144915 0.00724574 -0.00330267 0.00165133 -0.0353958 0.0176979 -0.00231511 0.00115756 -0.00859995 0.00429998 0.00270365 -0.00135183 -0.530009 0.265005 -0.039307 0.0196535 0.25282 -0.12641 -0.0749384 0.0374692 0.00200662 -0.00100331 -0.0255041 0.012752 -0.00810014 0.00405007 
0.03237 -0.016185 -0.0144003 0.00720017 -0.00328303 0.00164152 -0.0351766 0.0175883 -0.00230029 0.00115015 -0.00854641 0.0042732 0.00268675 -0.00134338 -0.524721 0.26236 -0.0389221 0.0194611 0.250304 -0.125152 -0.0742236 0.0371118 0.0019872 -0.000993599 -0.0252619 0.012631 -0.00802399 0.00401199 
0.0321694 -0.0160847 -0.0143115 0.00715573 -0.0032626 0.0016313 -0.0349598 0.0174799 -0.00228615 0.00114308 -0.00849379 0.00424689 0.0026698 -0.0013349 -0.519484 0.259742 -0.0385415 0.0192707 0.247814 -0.123907 -0.0735168 0.0367584 0.0019681 -0.000984048 -0.0250226 0.0125113 -0.00794866 0.00397433 
0.0319705 -0.0159853 -0.0142232 0.00711159 -0.00324312 0.00162156 -0.0347473 0.0173737 -0.0022721 0.00113605 -0.00844255 0.00422127 0.00265357 -0.00132678 -0.514299 0.25715 -0.0381648 0.0190824 0.245348 -0.122674 -0.0728179 0.036409 0.00194932 -0.000974661 -0.0247863 0.0123931 -0.00787415 0.00393707 
0.0317721 -0.0158861 -0.0141349 0.00706743 -0.00322329 0.00161164 -0.0345329 0.0172665 -0.00225743 0.00112872 -0.00839002 0.00419501 0.0026369 -0.00131845 -0.509166 0.254583 -0.0377921 0.018896 0.242907 -0.121453 -0.072127 0.0360635 0.00193089 -0.000965446 -0.0245528 0.0122764 -0.00780042 0.00390021 
0.0315771 -0.0157885 -0.0140485 0.00702425 -0.00320432 0.00160216 -0.0343247 0.0171624 -0.00224382 0.00112191 -0.00833975 0.00416988 0.00262091 -0.00131046 -0.504084 0.252042 -0.0374233 0.0187117 0.240489 -0.120245 -0.0714438 0.0357219 0.00191276 -0.000956378 -0.0243223 0.0121611 -0.00772751 0.00386376 
0.0313825 -0.0156913 -0.0139621 0.00698103 -0.00318502 0.00159251 -0.0341147 0.0170574 -0.00222963 0.00111482 -0.00828829 0.00414415 0.00260452 -0.00130226 -0.499052 0.249526 -0.0370585 0.0185293 0.238096 -0.119048 -0.0707683 0.0353842 0.00189498 -0.000947489 -0.0240945 0.0120473 -0.00765537 0.00382768 
0.031192 -0.015596 -0.0138773 0.00693864 -0.0031663 0.00158315 -0.0339104 0.0169552 -0.00221615 0.00110807 -0.00823905 0.00411953 0.00258888 -0.00129444 -0.494069 0.247035 -0.0366977 0.0183488 0.235726 -0.117863 -0.0701005 0.0350503 0.0018775 -0.00093875 -0.0238696 0.0119348 -0.00758402 0.00379201 
0.0310012 -0.0155006 -0.0137927 0.00689634 -0.00314764 0.00157382 -0.0337051 0.0168526 -0.0022024 0.0011012 -0.00818873 0.00409436 0.00257287 -0.00128643 -0.489137 0.244568 -0.0363406 0.0181703 0.233379 -0.116689 -0.0694403 0.0347201 0.00186036 -0.000930179 -0.0236475 0.0118238 -0.00751343 0.00375671 
0.0308141 -0.0154071 -0.0137098 0.0068549 -0.0031295 0.00156475 -0.0335051 0.0167525 -0.00218932 0.00109466 -0.00814043 0.00407022 0.00255749 -0.00127874 -0.484253 0.242126 -0.0359874 0.0179937 0.231055 -0.115528 -0.0687875 0.0343937 0.00184349 -0.000921746 -0.0234281 0.0117141 -0.00744362 0.00372181 
0.0306276 -0.0153138 -0.0136268 0.00681342 -0.00311114 0.00155557 -0.033304 0.016652 -0.00217586 0.00108793 -0.00809123 0.00404562 0.00254185 -0.00127092 -0.479416 0.239708 -0.0356379 0.017819 0.228755 -0.114377 -0.0681422 0.0340711 0.00182698 -0.000913491 -0.0232116 0.0116058 -0.00737455 0.00368727 
0.0304443 -0.0152221 -0.0135456 0.0067728 -0.00309339 0.0015467 -0.0331077 0.0165539 -0.00216302 0.00108151 -0.00804383 0.00402191 0.00252672 -0.00126336 -0.474628 0.237314 -0.0352923 0.0176461 0.226477 -0.113238 -0.0675042 0.0337521 0.00181075 -0.000905375 -0.0229977 0.0114988 -0.00730625 0.00365312 
0.0302608 -0.0151304 -0.0134647 0.00673233 -0.00307593 0.00153797 -0.0329113 0.0164557 -0.00215023 0.00107511 -0.0079956 0.0039978 0.00251131 -0.00125565 -0.469888 0.234944 -0.0349502 0.0174751 0.224221 -0.112111 -0.0668734 0.0334367 0.00179484 -0.00089742 -0.0227865 0.0113932 -0.00723868 0.00361934 
0.0300813 -0.0150407 -0.0133853 0.00669264 -0.00305884 0.00152942 -0.0327191 0.0163596 -0.00213801 0.00106901 -0.00794909 0.00397454 0.00249633 -0.00124817 -0.465193 0.232597 -0.034612 0.017306 0.221988 -0.110994 -0.0662499 0.0331249 0.00177922 -0.00088961 -0.022578 0.011289 -0.00717186 0.00358593 
0.0299017 -0.0149509 -0.0133057 0.00665285 -0.00304119 0.00152059 -0.0325257 0.0162629 -0.00212514 0.00106257 -0.00790171 0.00395085 0.00248118 -0.00124059 -0.460546 0.230273 -0.0342773 0.0171386 0.219776 -0.109888 -0.0656334 0.0328167 0.0017639 -0.000881949 -0.0223721 0.011186 -0.00710576 0.00355288 
0.0297183 -0.0148592 -0.0132228 0.0066114 -0.00301923 0.00150962 -0.0323238 0.0161619 -0.00211146 0.00105573 -0.00785587 0.00392793 0.00246717 -0.00123359 -0.455945 0.227972 -0.0339459 0.0169729 0.217587 -0.108793 -0.0650234 0.0325117 0.0017485 -0.000874249 -0.0221689 0.0110845 -0.0070406 0.0035203 
0.0295449 -0.0147724 -0.013145 0.00657249 -0.00300094 0.00150047 -0.0321344 0.0160672 -0.00209808 0.00104904 -0.00780973 0.00390486 0.00245254 -0.00122627 -0.451389 0.225694 -0.0336184 0.0168092 0.215419 -0.107709 -0.064421 0.0322105 0.00173374 -0.000866871 -0.0219682 0.0109841 -0.00697596 0.00348798 
0.0293757 -0.0146879 -0.0130687 0.00653437 -0.00298386 0.00149193 -0.0319518 0.0159759 -0.00208529 0.00104265 -0.00776612 0.00388306 0.00243903 -0.00121951 -0.446878 0.223439 -0.0332945 0.0166473 0.213272 -0.106636 -0.0638255 0.0319128 0.00171928 -0.000859642 -0.0217701 0.010885 -0.00691205 0.00345602 
0.0292068 -0.0146034 -0.0129921 0.00649605 -0.0029658 0.0014829 -0.0317665 0.0158832 -0.00207149 0.00103574 -0.00772119 0.00386059 0.00242512 -0.00121256 -0.442411 0.221206 -0.0329741 0.016487 0.211147 -0.105573 -0.0632369 0.0316184 0.0017051 -0.000852552 -0.0215744 0.0107872 -0.00684883 0.00342441 
0.0290413 -0.0145206 -0.0129175 0.00645875 -0.00294949 0.00147474 -0.0315883 0.0157942 -0.002059 0.0010295 -0.00767865 0.00383932 0.00241206 -0.00120603 -0.437989 0.218994 -0.0326572 0.0163286 0.209042 -0.104521 -0.062655 0.0313275 0.00169122 -0.000845612 -0.0213814 0.0106907 -0.00678632 0.00339316 
0.0288756 -0.0144378 -0.0128424 0.00642119 -0.00293184 0.00146592 -0.0314065 0.0157033 -0.00204549 0.00102275 -0.00763457 0.00381729 0.00239841 -0.00119921 -0.433611 0.216805 -0.0323437 0.0161718 0.206959 -0.103479 -0.0620798 0.0310399 0.00167761 -0.000838806 -0.0211907 0.0105953 -0.0067245 0.00336225 
0.0287117 -0.0143559 -0.0127679 0.00638394 -0.00291469 0.00145735 -0.0312278 0.0156139 -0.00203226 0.00101613 -0.00759148 0.00379574 0.00238524 -0.00119262 -0.429275 0.214638 -0.0320336 0.0160168 0.204895 -0.102448 -0.0615113 0.0307557 0.00166431 -0.000832153 -0.0210025 0.0105013 -0.00666336 0.00333168 
0.0285522 -0.0142761 -0.0126953 0.00634766 -0.00289811 0.00144905 -0.0310535 0.0155268 -0.00201953 0.00100976 -0.00754988 0.00377494 0.00237245 -0.00118623 -0.424983 0.212491 -0.0317269 0.0158634 0.202853 -0.101426 -0.0609493 0.0304747 0.00165123 -0.000825614 -0.0208167 0.0104084 -0.00660293 0.00330147 
0.0283912 -0.0141956 -0.0126226 0.00631129 -0.00288165 0.00144082 -0.0308786 0.0154393 -0.0020067 0.00100335 -0.00750754 0.00375377 0.00235948 -0.00117974 -0.420733 0.210366 -0.0314235 0.0157118 0.20083 -0.100415 -0.0603939 0.0301969 0.00163848 -0.00081924 -0.0206333 0.0103167 -0.00654315 0.00327158 
0.0282345 -0.0141172 -0.0125514 0.00627571 -0.00286548 0.00143274 -0.030708 0.015354 -0.00199437 0.000997184 -0.00746691 0.00373346 0.00234698 -0.00117349 -0.416525 0.208262 -0.0311235 0.0155617 0.198827 -0.0994136 -0.0598447 0.0299224 0.00162595 -0.000812975 -0.0204523 0.0102261 -0.00648408 0.00324204 
0.02807 -0.014035 -0.0124764 0.0062382 -0.00284804 0.00142402 -0.0305275 0.0152637 -0.00198068 0.000990338 -0.00742339 0.0037117 0.00233372 -0.00116686 -0.412152 0.206076 -0.0308119 0.015406 0.196746 -0.0983728 -0.059275 0.0296375 0.00161311 -0.000806557 -0.0202647 0.0101323 -0.00642276 0.00321138 
0.0279068 -0.0139534 -0.0124019 0.00620097 -0.00283163 0.00141582 -0.0303506 0.0151753 -0.00196725 0.000983624 -0.00738096 0.00369048 0.00232099 -0.00116049 -0.407824 0.203912 -0.0305039 0.0152519 0.194686 -0.0973429 -0.0587122 0.0293561 0.00160056 -0.000800278 -0.0200796 0.0100398 -0.00636218 0.00318109 
0.0277548 -0.0138774 -0.0123336 0.00616678 -0.00281612 0.00140806 -0.0301851 0.0150925 -0.00195571 0.000977857 -0.00734125 0.00367063 0.00230863 -0.00115432 -0.403743 0.201872 -0.030214 0.015107 0.192744 -0.0963719 -0.0581827 0.0290913 0.00158888 -0.000794442 -0.0199057 0.00995283 -0.00630515 0.00315258 
0.0276021 -0.013801 -0.0122647 0.00613235 -0.0028007 0.00140035 -0.030019 0.0150095 -0.0019439 0.00097195 -0.00730092 0.00365046 0.00229613 -0.00114807 -0.399703 0.199852 -0.0299271 0.0149636 0.190821 -0.0954106 -0.0576592 0.0288296 0.00157748 -0.00078874 -0.019734 0.00986698 -0.00624878 0.00312439 
0.0274528 -0.0137264 -0.0121975 0.00609876 -0.00278596 0.00139298 -0.0298576 0.0149288 -0.00193277 0.000966384 -0.00726233 0.00363117 0.00228411 -0.00114205 -0.395703 0.197851 -0.0296435 0.0148217 0.188918 -0.0944588 -0.0571418 0.0285709 0.0015663 -0.000783148 -0.0195644 0.00978219 -0.00619308 0.00309654 
0.0273026 -0.0136513 -0.0121301 0.00606504 -0.0027709 0.00138545 -0.0296943 0.0148471 -0.00192115 0.000960577 -0.00722257 0.00361128 0.00227171 -0.00113585 -0.391743 0.195872 -0.0293629 0.0146815 0.187033 -0.0935165 -0.0566305 0.0283152 0.00155541 -0.000777707 -0.019397 0.0096985 -0.00613802 0.00306901 
0.0271546 -0.0135773 -0.0120627 0.00603133 -0.00275603 0.00137802 -0.0295335 0.0147667 -0.00190927 0.000954637 -0.00718388 0.00359194 0.0022599 -0.00112995 -0.387822 0.193911 -0.0290854 0.0145427 0.185167 -0.0925836 -0.0561251 0.0280625 0.00154476 -0.000772379 -0.0192317 0.00961587 -0.00608361 0.00304181 
0.0270102 -0.0135051 -0.0119978 0.00599889 -0.00274131 0.00137066 -0.0293763 0.0146881 -0.0018984 0.000949201 -0.00714619 0.00357309 0.00224815 -0.00112408 -0.383939 0.19197 -0.0288111 0.0144056 0.18332 -0.09166 -0.0556255 0.0278127 0.00153434 -0.00076717 -0.0190685 0.00953423 -0.00602986 0.00301493 
0.0268645 -0.0134323 -0.0119323 0.00596614 -0.00272658 0.00136329 -0.029218 0.014609 -0.00188705 0.000943525 -0.00710777 0.00355388 0.00223624 -0.00111812 -0.380096 0.190048 -0.0285398 0.0142699 0.181491 -0.0907456 -0.0551318 0.0275659 0.00152419 -0.000762095 -0.0189073 0.00945364 -0.00597675 0.00298837 
0.0267228 -0.0133614 -0.0118682 0.00593411 -0.00271259 0.0013563 -0.029065 0.0145325 -0.0018763 0.00093815 -0.0070714 0.0035357 0.00222507 -0.00111253 -0.37629 0.188145 -0.0282715 0.0141358 0.179681 -0.0898404 -0.0546438 0.0273219 0.00151428 -0.00075714 -0.0187481 0.00937404 -0.00592429 0.00296215 
0.0265813 -0.0132906 -0.0118038 0.00590188 -0.00269788 0.00134894 -0.0289095 0.0144547 -0.00186473 0.000932364 -0.00703375 0.00351688 0.00221353 -0.00110676 -0.372521 0.186261 -0.0280062 0.0140031 0.177888 -0.0889442 -0.0541616 0.0270808 0.00150461 -0.000752306 -0.0185908 0.00929542 -0.00587248 0.00293624 
0.0264407 -0.0132203 -0.0117396 0.00586982 -0.00268405 0.00134203 -0.028757 0.0143785 -0.00185337 0.000926686 -0.00699711 0.00349855 0.00220247 -0.00110123 -0.36879 0.184395 -0.0277437 0.0138719 0.176114 -0.0880571 -0.053685 0.0268425 0.00149518 -0.00074759 -0.0184355 0.00921777 -0.00582131 0.00291066 
0.0263034 -0.0131517 -0.011678 0.00583899 -0.00267005 0.00133502 -0.0286075 0.0143038 -0.00184309 0.000921544 -0.00696132 0.00348066 0.0021913 -0.00109565 -0.365096 0.182548 -0.0274844 0.0137422 0.174358 -0.087179 -0.0532139 0.026607 0.00148597 -0.000742987 -0.018282 0.00914102 -0.0057708 0.0028854 
0.0261646 -0.0130823 -0.011616 0.00580802 -0.00265681 0.00132841 -0.0284579 0.014229 -0.00183275 0.000916377 -0.0069248 0.0034624 0.00217992 -0.00108996 -0.361439 0.18072 -0.0272278 0.0136139 0.172619 -0.0863097 -0.0527485 0.0263743 0.00147703 -0.000738517 -0.0181304 0.00906522 -0.00572091 0.00286046 
0.026029 -0.0130145 -0.0115558 0.00577788 -0.00264438 0.00132219 -0.0283132 0.0141566 -0.00182344 0.000911722 -0.00689014 0.00344507 0.002169 -0.0010845 -0.357818 0.178909 -0.0269742 0.0134871 0.170898 -0.0854492 -0.0522886 0.0261443 0.00146833 -0.000734163 -0.0179806 0.00899032 -0.0056717 0.00283585 
0.0258936 -0.0129468 -0.0114947 0.00574734 -0.00263058 0.00131529 -0.028165 0.0140825 -0.00181294 0.00090647 -0.00685408 0.00342704 0.0021577 -0.00107885 -0.354232 0.177116 -0.0267235 0.0133617 0.169195 -0.0845975 -0.051834 0.025917 0.00145984 -0.00072992 -0.0178326 0.00891628 -0.00562313 0.00281156 
0.0257525 -0.0128763 -0.0114298 0.0057149 -0.00261279 0.00130639 -0.0280067 0.0140034 -0.00180148 0.00090074 -0.0068182 0.0034091 0.00214705 -0.00107353 -0.350683 0.175342 -0.0264753 0.0132376 0.167509 -0.0837546 -0.0513842 0.0256921 0.00145131 -0.000725657 -0.0176862 0.00884311 -0.00557536 0.00278768 
0.025621 -0.0128105 -0.0113693 0.00568463 -0.00259909 0.00129954 -0.0278618 0.0139309 -0.0017908 0.000895399 -0.00678349 0.00339175 0.00213644 -0.00106822 -0.347167 0.173584 -0.0262302 0.0131151 0.16584 -0.0829202 -0.0509404 0.0254702 0.00144325 -0.000721625 -0.0175416 0.0087708 -0.00552815 0.00276407 
0.0254945 -0.0127473 -0.0113115 0.00565575 -0.00258507 0.00129254 -0.027722 0.013861 -0.00178046 0.000890228 -0.00675036 0.00337518 0.00212626 -0.00106313 -0.343687 0.171844 -0.0259881 0.012994 0.164189 -0.0820944 -0.0505019 0.025251 0.00143541 -0.000717705 -0.0173985 0.00869926 -0.00548159 0.0027408 
0.0253673 -0.0126837 -0.0112531 0.00562656 -0.00257182 0.00128591 -0.027582 0.013791 -0.00176968 0.00088484 -0.00671661 0.00335831 0.00211615 -0.00105807 -0.340241 0.170121 -0.0257486 0.0128743 0.162554 -0.0812771 -0.0500688 0.0250344 0.00142784 -0.000713919 -0.0172571 0.00862857 -0.0054357 0.00271785 
0.0252434 -0.0126217 -0.0111962 0.00559811 -0.00255902 0.00127951 -0.0274468 0.0137234 -0.00175952 0.00087976 -0.00668484 0.00334242 0.00210667 -0.00105333 -0.33683 0.168415 -0.025512 0.012756 0.160936 -0.0804682 -0.0496409 0.0248205 0.00142044 -0.000710221 -0.0171173 0.00855866 -0.00539051 0.00269525 
0.0251194 -0.0125597 -0.0111386 0.0055693 -0.00254524 0.00127262 -0.0273084 0.0136542 -0.0017483 0.000874151 -0.00665166 0.00332583 0.00209681 -0.00104841 -0.333452 0.166726 -0.0252781 0.012639 0.159336 -0.0796678 -0.0492183 0.0246091 0.00141328 -0.000706641 -0.016979 0.00848952 -0.005346 0.002673 
0.0249968 -0.0124984 -0.0110816 0.00554082 -0.00253194 0.00126597 -0.0271723 0.0135862 -0.00173729 0.000868645 -0.0066191 0.00330955 0.00208727 -0.00104363 -0.330108 0.165054 -0.0250469 0.0125235 0.157751 -0.0788757 -0.0488008 0.0244004 0.00140634 -0.000703172 -0.0168423 0.00842114 -0.0053022 0.0026511 
0.024877 -0.0124385 -0.0110264 0.00551319 -0.00251966 0.00125983 -0.0270415 0.0135208 -0.00172723 0.000863613 -0.00658847 0.00329423 0.0020783 -0.00103915 -0.326797 0.163399 -0.0248186 0.0124093 0.156184 -0.0780919 -0.0483886 0.0241943 0.00139961 -0.000699804 -0.016707 0.00835351 -0.00525914 0.00262957 
0.0247568 -0.0123784 -0.0109705 0.00548526 -0.0025065 0.00125325 -0.0269074 0.0134537 -0.0017164 0.000858199 -0.00655629 0.00327815 0.00206877 -0.00103438 -0.323519 0.161759 -0.0245929 0.0122965 0.154633 -0.0773164 -0.0479816 0.0239908 0.0013931 -0.000696552 -0.0165732 0.0082866 -0.0052168 0.0026084 
0.0246379 -0.012319 -0.0109153 0.00545764 -0.00249355 0.00124678 -0.026775 0.0133875 -0.00170572 0.00085286 -0.0065246 0.0032623 0.00205942 -0.00102971 -0.320273 0.160137 -0.02437 0.012185 0.153098 -0.0765491 -0.0475798 0.0237899 0.00138682 -0.000693412 -0.0164408 0.00822042 -0.00517522 0.00258761 
0.0245201 -0.01226 -0.0108601 0.00543003 -0.00248123 0.00124061 -0.0266451 0.0133225 -0.00169491 0.000847455 -0.00649381 0.00324691 0.00205063 -0.00102531 -0.317059 0.15853 -0.0241498 0.0120749 0.15158 -0.07579 -0.0471833 0.0235917 0.00138076 -0.000690379 -0.0163099 0.00815495 -0.00513445 0.00256722 
0.0244056 -0.0122028 -0.0108072 0.00540362 -0.00246873 0.00123436 -0.026518 0.013259 -0.00168511 0.000842556 -0.00646393 0.00323196 0.00204175 -0.00102088 -0.313877 0.156939 -0.0239326 0.0119663 0.150078 -0.0750391 -0.0467921 0.0233961 0.00137491 -0.000687455 -0.0161803 0.00809014 -0.00509451 0.00254726 
0.0242902 -0.0121451 -0.0107538 0.00537689 -0.00245656 0.00122828 -0.0263899 0.0131949 -0.00167491 0.000837456 -0.00643318 0.00321659 0.0020327 -0.00101635 -0.310727 0.155363 -0.023718 0.011859 0.148593 -0.0742964 -0.0464065 0.0232032 0.0013693 -0.000684652 -0.0160521 0.00802604 -0.00505545 0.00252772 
0.0241752 -0.0120876 -0.0107008 0.00535038 -0.00244461 0.00122231 -0.0262633 0.0131316 -0.00166503 0.000832517 -0.00640293 0.00320146 0.00202379 -0.00101189 -0.307607 0.153804 -0.0235063 0.0117532 0.147124 -0.0735619 -0.0460264 0.0230132 0.00136394 -0.000681968 -0.0159252 0.0079626 -0.00501735 0.00250868 
0.0240641 -0.0120321 -0.0106494 0.00532469 -0.00243288 0.00121644 -0.0261403 0.0130702 -0.00165557 0.000827786 -0.00637413 0.00318706 0.00201522 -0.00100761 -0.304518 0.152259 -0.0232977 0.0116489 0.145671 -0.0728357 -0.0456523 0.0228261 0.00135878 -0.000679391 -0.0157996 0.00789981 -0.00498036 0.00249018 
0.0239528 -0.0119764 -0.0105977 0.00529885 -0.00242077 0.00121038 -0.0260156 0.0130078 -0.00164545 0.000822725 -0.00634429 0.00317214 0.00200646 -0.00100323 -0.30146 0.15073 -0.0230928 0.0115464 0.144235 -0.0721175 -0.045284 0.022642 0.00135436 -0.000677182 -0.0156755 0.00783775 -0.00494423 0.00247212 
0.0238419 -0.011921 -0.0105467 0.00527334 -0.00240918 0.00120459 -0.0258929 0.0129465 -0.0016358 0.000817898 -0.00631506 0.00315753 0.00199792 -0.000998959 -0.298431 0.149216 -0.0228917 0.0114459 0.142816 -0.0714078 -0.0449229 0.0224614 0.00135054 -0.000675272 -0.0155529 0.00777644 -0.00490949 0.00245475 
0.0237345 -0.0118672 -0.0104976 0.0052488 -0.00239815 0.00119908 -0.0257739 0.0128869 -0.00162695 0.000813475 -0.00628711 0.00314355 0.00198949 -0.000994745 -0.295431 0.147715 -0.0226952 0.0113476 0.141416 -0.0707078 -0.0445722 0.0222861 0.00134708 -0.000673541 -0.0154319 0.00771593 -0.00487714 0.00243857 
0.0236276 -0.0118138 -0.0104479 0.00522393 -0.00238645 0.00119322 -0.0256525 0.0128263 -0.00161723 0.000808617 -0.00625805 0.00312903 0.00198081 -0.000990407 -0.292456 0.146228 -0.0225029 0.0112514 0.140036 -0.0700182 -0.0442373 0.0221187 0.00134258 -0.000671291 -0.0153141 0.00765707 -0.00484895 0.00242447 
0.0235203 -0.0117601 -0.0103988 0.00519941 -0.00237537 0.00118768 -0.025533 0.0127665 -0.00160808 0.000804041 -0.00622933 0.00311467 0.00197216 -0.00098608 -0.289511 0.144755 -0.0223127 0.0111563 0.13867 -0.0693351 -0.0439085 0.0219543 0.00133791 -0.000668954 -0.0152 0.0076 -0.00482183 0.00241091 
0.0234166 -0.0117083 -0.0103514 0.00517569 -0.00236503 0.00118251 -0.0254186 0.0127093 -0.00159971 0.000799856 -0.00620257 0.00310129 0.00196413 -0.000982063 -0.286593 0.143297 -0.0221247 0.0110623 0.137318 -0.0686588 -0.0435847 0.0217923 0.00133316 -0.000666578 -0.0150882 0.0075441 -0.00479546 0.00239773 
0.0233116 -0.0116558 -0.0103031 0.00515154 -0.00235364 0.00117682 -0.0253004 0.0126502 -0.00159038 0.000795191 -0.00617425 0.00308712 0.00195557 -0.000977786 -0.283705 0.141853 -0.0219391 0.0109696 0.135979 -0.0679894 -0.0432663 0.0216332 0.00132844 -0.00066422 -0.0149783 0.00748917 -0.00476986 0.00238493 
0.0232083 -0.0116042 -0.0102555 0.00512776 -0.0023429 0.00117145 -0.0251845 0.0125922 -0.00158144 0.000790722 -0.00614636 0.00307318 0.00194717 -0.000973584 -0.280844 0.140422 -0.0217543 0.0108772 0.134653 -0.0673264 -0.0429529 0.0214765 0.00132255 -0.000661276 -0.0148713 0.00743563 -0.0047454 0.0023727 
0.0231049 -0.0115525 -0.0102082 0.00510408 -0.00233202 0.00116601 -0.0250696 0.0125348 -0.00157251 0.000786254 -0.00611899 0.0030595 0.001939 -0.000969501 -0.278012 0.139006 -0.0215726 0.0107863 0.133338 -0.0666692 -0.0426421 0.0213211 0.0013181 -0.00065905 -0.0147663 0.00738315 -0.00472047 0.00236024 
0.0230055 -0.0115028 -0.0101628 0.0050814 -0.00232229 0.00116114 -0.0249594 0.0124797 -0.00156453 0.000782265 -0.00609305 0.00304653 0.00193113 -0.000965563 -0.275207 0.137604 -0.0213936 0.0106968 0.13204 -0.0660199 -0.0423383 0.0211692 0.00131336 -0.000656679 -0.0146621 0.00733107 -0.00469684 0.00234842 
0.0229046 -0.0114523 -0.0101166 0.00505829 -0.00231158 0.00115579 -0.0248463 0.0124231 -0.00155574 0.00077787 -0.00606586 0.00303293 0.00192289 -0.000961445 -0.272431 0.136215 -0.0212147 0.0106074 0.13075 -0.0653751 -0.0420362 0.0210181 0.00130783 -0.000653913 -0.014562 0.007281 -0.00467345 0.00233673 
0.0228046 -0.0114023 -0.0100711 0.00503556 -0.00230178 0.00115089 -0.0247353 0.0123676 -0.00154765 0.000773823 -0.00603901 0.0030195 0.00191466 -0.000957332 -0.26968 0.13484 -0.0210384 0.0105192 0.129476 -0.0647379 -0.0417411 0.0208705 0.00130208 -0.000651038 -0.014463 0.0072315 -0.0046513 0.00232565 
0.0226952 -0.0113476 -0.0100208 0.0050104 -0.0022868 0.0011434 -0.024611 0.0123055 -0.00153816 0.00076908 -0.00601195 0.00300597 0.00190689 -0.000953446 -0.26696 0.13348 -0.0208652 0.0104326 0.128214 -0.064107 -0.0414487 0.0207244 0.0012974 -0.0006487 -0.0143654 0.00718268 -0.00462905 0.00231452 
0.0226016 -0.0113008 -0.00997757 0.00498879 -0.00227651 0.00113826 -0.0245055 0.0122527 -0.00153021 0.000765104 -0.00598732 0.00299366 0.00189932 -0.000949659 -0.264263 0.132132 -0.0206927 0.0103464 0.126963 -0.0634815 -0.0411609 0.0205804 0.00129182 -0.000645911 -0.0142707 0.00713536 -0.00460763 0.00230381 
0.022508 -0.011254 -0.00993347 0.00496673 -0.00226579 0.00113289 -0.0243981 0.012199 -0.00152109 0.000760547 -0.00596174 0.00298087 0.00189183 -0.000945915 -0.261592 0.130796 -0.0205221 0.0102611 0.125724 -0.0628622 -0.0408771 0.0204385 0.00128625 -0.000643125 -0.014178 0.00708899 -0.0045867 0.00229335 
0.0224149 -0.0112074 -0.00988968 0.00494484 -0.0022551 0.00112755 -0.024292 0.012146 -0.00151187 0.000755935 -0.0059366 0.0029683 0.0018846 -0.0009423 -0.258949 0.129474 -0.0203537 0.0101769 0.124499 -0.0622494 -0.0405984 0.0202992 0.0012806 -0.000640298 -0.0140868 0.00704339 -0.00456655 0.00228328 
0.0223229 -0.0111615 -0.00984607 0.00492303 -0.00224474 0.00112237 -0.0241876 0.0120938 -0.00150275 0.000751374 -0.00591202 0.00295601 0.00187768 -0.000938842 -0.25633 0.128165 -0.0201871 0.0100936 0.123284 -0.0616422 -0.0403231 0.0201616 0.00127508 -0.000637542 -0.0139977 0.00699887 -0.00454669 0.00227335 
0.0222339 -0.011117 -0.00980458 0.00490229 -0.00223558 0.00111779 -0.0240876 0.0120438 -0.0014948 0.000747401 -0.00588876 0.00294438 0.00187092 -0.00093546 -0.253737 0.126869 -0.0200224 0.0100112 0.122082 -0.0610409 -0.0400516 0.0200258 0.00126957 -0.000634786 -0.0139106 0.00695531 -0.00452728 0.00226364 
0.0221436 -0.0110718 -0.00976187 0.00488094 -0.00222473 0.00111236 -0.0239838 0.0119919 -0.00148556 0.000742778 -0.00586425 0.00293213 0.00186386 -0.00093193 -0.251171 0.125585 -0.0198597 0.00992983 0.120891 -0.0604457 -0.0397846 0.0198923 0.00126401 -0.000632005 -0.0138251 0.00691253 -0.00450853 0.00225426 
0.022055 -0.0110275 -0.00971965 0.00485983 -0.00221457 0.00110728 -0.023882 0.011941 -0.0014765 0.00073825 -0.00584015 0.00292007 0.00185704 -0.000928518 -0.248628 0.124314 -0.0196988 0.00984939 0.119712 -0.0598562 -0.0395214 0.0197607 0.00125853 -0.000629263 -0.0137415 0.00687076 -0.0044902 0.0022451 
0.0219668 -0.0109834 -0.00967795 0.00483897 -0.00220475 0.00110237 -0.0237817 0.0118908 -0.00146779 0.000733896 -0.00581644 0.00290822 0.00185036 -0.000925178 -0.246111 0.123055 -0.0195397 0.00976985 0.118545 -0.0592724 -0.0392622 0.0196311 0.00125303 -0.000626517 -0.0136598 0.00682988 -0.00447237 0.00223618 
0.0218815 -0.0109407 -0.00963771 0.00481886 -0.00219559 0.0010978 -0.0236858 0.0118429 -0.00145977 0.000729885 -0.00579443 0.00289722 0.00184413 -0.000922063 -0.243617 0.121809 -0.0193828 0.00969139 0.11739 -0.0586952 -0.0390083 0.0195042 0.0012473 -0.00062365 -0.0135792 0.00678962 -0.00445552 0.00222776 
0.0217906 -0.0108953 -0.0095948 0.0047974 -0.00218527 0.00109264 -0.0235822 0.0117911 -0.00145063 0.000725314 -0.00576998 0.00288499 0.00183719 -0.000918595 -0.241026 0.120513 -0.0192186 0.0096093 0.116189 -0.0580946 -0.0387455 0.0193728 0.00124027 -0.000620137 -0.0134977 0.00674883 -0.0044387 0.00221935 
0.0217047 -0.0108523 -0.00955461 0.00477731 -0.0021762 0.0010881 -0.0234848 0.0117424 -0.00144252 0.000721261 -0.00574665 0.00287333 0.00183041 -0.000915206 -0.238582 0.119291 -0.0190652 0.00953262 0.115056 -0.0575282 -0.0384988 0.0192494 0.00123476 -0.000617381 -0.0134213 0.00671066 -0.00442257 0.00221128 
0.0216193 -0.0108097 -0.00951488 0.00475744 -0.00216693 0.00108347 -0.023388 0.011694 -0.00143462 0.000717311 -0.00572352 0.00286176 0.00182357 -0.000911786 -0.236163 0.118081 -0.0189137 0.00945687 0.113936 -0.056968 -0.0382566 0.0191283 0.00122904 -0.000614521 -0.0133462 0.00667308 -0.00440717 0.00220359 
0.0215348 -0.0107674 -0.0094751 0.00473755 -0.00215747 0.00107874 -0.0232925 0.0116462 -0.00142646 0.000713228 -0.00570101 0.0028505 0.00181715 -0.000908574 -0.233767 0.116883 -0.0187624 0.00938119 0.112824 -0.056412 -0.0380167 0.0190084 0.00122237 -0.000611187 -0.0132743 0.00663717 -0.00439236 0.00219618 
0.0214533 -0.0107267 -0.00943728 0.00471864 -0.00214928 0.00107464 -0.0232016 0.0116008 -0.00141929 0.000709645 -0.0056799 0.00283995 0.00181101 -0.000905506 -0.231394 0.115697 -0.0186144 0.0093072 0.111725 -0.0558627 -0.0377819 0.018891 0.0012166 -0.000608298 -0.0132025 0.00660127 -0.00437797 0.00218898 
0.0213701 -0.010685 -0.00939849 0.00469924 -0.00214017 0.00107008 -0.0231075 0.0115537 -0.00141126 0.000705629 -0.00565747 0.00282874 0.00180452 -0.00090226 -0.229045 0.114522 -0.0184667 0.00923337 0.110637 -0.0553184 -0.0375508 0.0187754 0.00120963 -0.000604813 -0.0131333 0.00656667 -0.00436456 0.00218228 
0.0212878 -0.0106439 -0.00936045 0.00468022 -0.00213162 0.00106581 -0.0230148 0.0115074 -0.00140386 0.00070193 -0.00563518 0.00281759 0.0017979 -0.000898949 -0.226718 0.113359 -0.0183221 0.00916107 0.10956 -0.0547798 -0.0373234 0.0186617 0.00120388 -0.000601938 -0.013065 0.00653251 -0.00435111 0.00217556 
0.0212061 -0.010603 -0.00932258 0.00466129 -0.00212293 0.00106146 -0.0229227 0.0114614 -0.00139648 0.00069824 -0.00561317 0.00280659 0.00179135 -0.000895677 -0.224414 0.112207 -0.0181778 0.0090889 0.108491 -0.0542456 -0.037099 0.0185495 0.00119705 -0.000598524 -0.0129995 0.00649976 -0.00433842 0.00216921 
0.0211251 -0.0105625 -0.00928485 0.00464242 -0.00211533 0.00105767 -0.0228332 0.0114166 -0.00138918 0.00069459 -0.00559187 0.00279594 0.00178524 -0.000892622 -0.222133 0.111066 -0.018035 0.00901748 0.107434 -0.0537172 -0.0368782 0.0184391 0.00119 -0.000595 -0.012935 0.0064675 -0.00432633 0.00216316 
0.0210466 -0.0105233 -0.00924941 0.0046247 -0.00210705 0.00105352 -0.0227456 0.0113728 -0.00138301 0.000691503 -0.00557133 0.00278567 0.00177886 -0.000889432 -0.219874 0.109937 -0.0178954 0.00894771 0.106387 -0.0531936 -0.0366607 0.0183303 0.00118436 -0.000592182 -0.0128721 0.00643603 -0.00431403 0.00215702 
0.0209673 -0.0104837 -0.00921279 0.00460639 -0.0020988 0.0010494 -0.0226563 0.0113282 -0.00137588 0.00068794 -0.00554986 0.00277493 0.00177247 -0.000886233 -0.217637 0.108818 -0.017756 0.00887799 0.10535 -0.0526751 -0.0364469 0.0182234 0.00117739 -0.000588696 -0.0128111 0.00640557 -0.00430281 0.00215141 
0.0208888 -0.0104444 -0.00917652 0.00458826 -0.00209058 0.00104529 -0.022568 0.011284 -0.00136886 0.000684431 -0.00552862 0.00276431 0.00176611 -0.000883054 -0.215421 0.10771 -0.0176182 0.00880912 0.104325 -0.0521623 -0.0362373 0.0181186 0.00117018 -0.000585088 -0.0127512 0.0063756 -0.00429232 0.00214616 
0.0208108 -0.0104054 -0.0091405 0.00457025 -0.00208246 0.00104123 -0.0224809 0.0112404 -0.00136188 0.00068094 -0.00550784 0.00275392 0.00176001 -0.000880006 -0.213227 0.106614 -0.0174819 0.00874095 0.103308 -0.051654 -0.03603 0.018015 0.0011631 -0.000581551 -0.0126931 0.00634653 -0.00428195 0.00214098 
0.0207335 -0.0103667 -0.00910493 0.00455246 -0.00207558 0.00103779 -0.0223957 0.0111979 -0.0013552 0.000677601 -0.0054874 0.0027437 0.00175403 -0.000877014 -0.211055 0.105527 -0.0173486 0.0086743 0.102302 -0.0511508 -0.0358264 0.0179132 0.0011572 -0.000578599 -0.0126361 0.00631803 -0.00427158 0.00213579 
0.0206579 -0.010329 -0.00907151 0.00453575 -0.00206785 0.00103392 -0.0223126 0.0111563 -0.0013496 0.000674799 -0.00546785 0.00273392 0.00174785 -0.000873926 -0.208904 0.104452 -0.0172154 0.00860769 0.101306 -0.0506529 -0.0356258 0.0178129 0.00114963 -0.000574816 -0.0125803 0.00629015 -0.00426234 0.00213117 
0.0205767 -0.0102884 -0.00903329 0.00451665 -0.00205687 0.00102843 -0.0222183 0.0111092 -0.0013421 0.000671049 -0.00544695 0.00272348 0.00174192 -0.000870959 -0.206774 0.103387 -0.0170836 0.00854179 0.100321 -0.0501604 -0.0354288 0.0177144 0.00114175 -0.000570873 -0.0125256 0.00626279 -0.00425385 0.00212692 
0.0204999 -0.01025 -0.00899715 0.00449857 -0.00204726 0.00102363 -0.0221298 0.0110649 -0.00133509 0.000667546 -0.00542655 0.00271327 0.00173587 -0.000867935 -0.204664 0.102332 -0.0169534 0.00847671 0.0993451 -0.0496725 -0.035235 0.0176175 0.00113404 -0.000567019 -0.0124723 0.00623614 -0.00424563 0.00212282 
0.0204298 -0.0102149 -0.00896333 0.00448167 -0.00203896 0.00101948 -0.0220481 0.011024 -0.00132813 0.000664063 -0.00540701 0.0027035 0.00173016 -0.000865079 -0.202571 0.101286 -0.016825 0.0084125 0.0983796 -0.0491898 -0.0350444 0.0175222 0.00112611 -0.000563053 -0.01242 0.00621001 -0.00423797 0.00211898 
0.0203593 -0.0101797 -0.00892977 0.00446489 -0.0020307 0.00101535 -0.021967 0.0109835 -0.00132087 0.000660437 -0.00538779 0.0026939 0.00172472 -0.000862358 -0.200501 0.100251 -0.0166979 0.00834896 0.0974236 -0.0487118 -0.034857 0.0174285 0.00111808 -0.000559041 -0.0123691 0.00618456 -0.00423073 0.00211536 
0.0202888 -0.0101444 -0.00889643 0.00444822 -0.00202249 0.00101124 -0.0218871 0.0109436 -0.00131335 0.000656674 -0.00536912 0.00268456 0.00171967 -0.000859834 -0.198454 0.0992268 -0.0165721 0.00828603 0.0964771 -0.0482386 -0.0346727 0.0173363 0.00110996 -0.000554978 -0.0123196 0.0061598 -0.00422389 0.00211195 
0.0202219 -0.010111 -0.00886484 0.00443242 -0.0020153 0.00100765 -0.0218117 0.0109059 -0.00130668 0.000653342 -0.0053519 0.00267595 0.00171497 -0.000857487 -0.196425 0.0982125 -0.0164477 0.00822383 0.0955397 -0.0477699 -0.0344913 0.0172456 0.00110184 -0.000550919 -0.0122715 0.00613577 -0.00421745 0.00210872 
0.020154 -0.010077 -0.00883208 0.00441604 -0.0020072 0.0010036 -0.021733 0.0108665 -0.00129919 0.000649597 -0.00533333 0.00266666 0.0017099 -0.000854952 -0.194415 0.0972076 -0.0163249 0.00816244 0.0946124 -0.0473062 -0.0343138 0.0171569 0.00109343 -0.000546715 -0.0122243 0.00611216 -0.00421165 0.00210583 
0.0200869 -0.0100435 -0.00879918 0.00439959 -0.00199891 0.000999455 -0.0216549 0.0108274 -0.00129171 0.000645854 -0.00531493 0.00265747 0.00170487 -0.000852435 -0.192424 0.0962119 -0.0162022 0.00810108 0.0936927 -0.0468464 -0.0341382 0.0170691 0.00108398 -0.000541989 -0.0121793 0.00608964 -0.00420649 0.00210325 
0.0200205 -0.0100102 -0.0087667 0.00438335 -0.00199112 0.000995559 -0.0215783 0.0107892 -0.00128433 0.000642167 -0.00529696 0.00264848 0.00170011 -0.000850054 -0.190452 0.095226 -0.0160825 0.00804126 0.0927824 -0.0463912 -0.0339661 0.016983 0.0010759 -0.000537948 -0.0121354 0.00606771 -0.00420122 0.00210061 
0.0199544 -0.0099772 -0.00873463 0.00436731 -0.00198323 0.000991616 -0.021502 0.010751 -0.00127704 0.000638519 -0.00527906 0.00263953 0.00169529 -0.000847645 -0.188501 0.0942503 -0.0159636 0.0079818 0.0918798 -0.0459399 -0.0337959 0.016898 0.00106795 -0.000533976 -0.0120931 0.00604653 -0.00419607 0.00209804 
0.0198895 -0.00994476 -0.00870222 0.00435111 -0.00197641 0.000988204 -0.021428 0.010714 -0.00126983 0.000634914 -0.0052617 0.00263085 0.0016908 -0.000845402 -0.186566 0.093283 -0.0158467 0.00792333 0.0909883 -0.0454942 -0.0336303 0.0168152 0.00105963 -0.000529817 -0.0120509 0.00602546 -0.00419187 0.00209593 
0.0198266 -0.00991328 -0.00867212 0.00433606 -0.00196895 0.000984476 -0.021356 0.010678 -0.00126368 0.000631838 -0.00524523 0.00262262 0.00168616 -0.000843082 -0.184651 0.0923255 -0.0157297 0.00786483 0.0901044 -0.0450522 -0.0334661 0.0167331 0.00105013 -0.000525066 -0.0120109 0.00600546 -0.00418823 0.00209412 
0.0197626 -0.0098813 -0.0086412 0.0043206 -0.00196115 0.000980574 -0.0212817 0.0106408 -0.00125639 0.000628195 -0.00522778 0.00261389 0.00168147 -0.000840736 -0.182756 0.091378 -0.0156149 0.00780743 0.0892283 -0.0446141 -0.0333047 0.0166523 0.00104191 -0.000520957 -0.0119726 0.00598631 -0.00418431 0.00209216 
0.0196987 -0.00984937 -0.00861031 0.00430515 -0.0019541 0.00097705 -0.021209 0.0106045 -0.00124951 0.000624753 -0.00521059 0.00260529 0.00167688 -0.000838442 -0.180879 0.0904393 -0.0155016 0.00775078 0.0883621 -0.044181 -0.0331467 0.0165733 0.00103352 -0.000516758 -0.0119347 0.00596733 -0.00418093 0.00209047 
0.0196328 -0.00981639 -0.00857989 0.00428995 -0.0019471 0.000973549 -0.0211364 0.0105682 -0.00124294 0.000621471 -0.00519339 0.00259669 0.0016721 -0.000836052 -0.179023 0.0895113 -0.0153881 0.00769407 0.0875047 -0.0437524 -0.0329915 0.0164957 0.00102371 -0.000511854 -0.0118978 0.00594892 -0.00417858 0.00208929 
0.0195689 -0.00978446 -0.00854974 0.00427487 -0.00194003 0.000970017 -0.0210649 0.0105325 -0.00123639 0.000618193 -0.00517661 0.0025883 0.00166756 -0.000833779 -0.177183 0.0885915 -0.0152777 0.00763887 0.0866555 -0.0433278 -0.0328391 0.0164196 0.00101513 -0.000507564 -0.0118622 0.00593108 -0.00417604 0.00208802 
0.0195076 -0.00975378 -0.00852114 0.00426057 -0.00193422 0.000967109 -0.0209979 0.0104989 -0.00123091 0.000615453 -0.00516122 0.00258061 0.00166326 -0.000831632 -0.175361 0.0876806 -0.015169 0.00758451 0.0858161 -0.0429081 -0.0326901 0.016345 0.00100628 -0.00050314 -0.0118265 0.00591323 -0.00417412 0.00208706 
0.0194405 -0.00972025 -0.00849145 0.00424573 -0.00192783 0.000963917 -0.0209272 0.0104636 -0.00122483 0.000612416 -0.00514432 0.00257216 0.00165844 -0.000829218 -0.173561 0.0867807 -0.0150601 0.00753003 0.0849826 -0.0424913 -0.0325423 0.0162712 0.000996712 -0.000498356 -0.0117935 0.00589676 -0.00417248 0.00208624 
0.0193788 -0.00968939 -0.00846248 0.00423124 -0.00192058 0.000960291 -0.0208567 0.0104284 -0.00121844 0.000609221 -0.00512764 0.00256382 0.00165369 -0.000826845 -0.171775 0.0858876 -0.0149531 0.00747654 0.0841588 -0.0420794 -0.0323972 0.0161986 0.000987932 -0.000493966 -0.0117608 0.00588039 -0.00417093 0.00208547 
0.019316 -0.00965799 -0.00843405 0.00421702 -0.00191453 0.000957264 -0.0207882 0.0103941 -0.00121264 0.000606318 -0.00511115 0.00255558 0.001649 -0.000824502 -0.170008 0.0850039 -0.014846 0.00742299 0.0833426 -0.0416713 -0.0322548 0.0161274 0.000977961 -0.000488981 -0.0117297 0.00586483 -0.00417026 0.00208513 
0.0192547 -0.00962737 -0.00840587 0.00420293 -0.00190824 0.00095412 -0.0207202 0.0103601 -0.00120701 0.000603506 -0.00509484 0.00254742 0.00164429 -0.000822146 -0.168256 0.084128 -0.0147416 0.00737081 0.0825343 -0.0412671 -0.0321145 0.0160572 0.000969216 -0.000484608 -0.0116993 0.00584963 -0.00416927 0.00208464 
0.0191943 -0.00959714 -0.00837769 0.00418885 -0.00190219 0.000951093 -0.0206529 0.0103265 -0.00120161 0.000600804 -0.00507863 0.00253932 0.00163957 -0.000819785 -0.166519 0.0832595 -0.014637 0.00731852 0.0817337 -0.0408669 -0.0319766 0.0159883 0.000959159 -0.00047958 -0.0116703 0.00583515 -0.00416921 0.0020846 
0.0191287 -0.00956437 -0.0083492 0.0041746 -0.00189647 0.000948235 -0.0205861 0.0102931 -0.00119568 0.000597839 -0.00506294 0.00253147 0.00163519 -0.000817593 -0.164808 0.0824042 -0.0145355 0.00726774 0.0809418 -0.0404709 -0.0318422 0.0159211 0.000950411 -0.000475206 -0.0116418 0.00582088 -0.00416896 0.00208448 
0.0190707 -0.00953533 -0.00832281 0.0041614 -0.00189074 0.00094537 -0.0205228 0.0102614 -0.00119093 0.000595465 -0.00504829 0.00252415 0.00163087 -0.000815435 -0.163107 0.0815537 -0.0144336 0.00721678 0.0801566 -0.0400783 -0.0317091 0.0158546 0.000940499 -0.00047025 -0.0116149 0.00580745 -0.0041694 0.0020847 
0.01901 -0.009505 -0.00829559 0.0041478 -0.00188513 0.000942565 -0.0204573 0.0102286 -0.00118565 0.000592826 -0.00503245 0.00251622 0.00162624 -0.000813119 -0.161425 0.0807125 -0.0143329 0.00716647 0.0793801 -0.0396901 -0.0315786 0.0157893 0.000930273 -0.000465137 -0.0115885 0.00579427 -0.00417029 0.00208515 
0.0189495 -0.00947473 -0.00826848 0.00413424 -0.00187904 0.000939518 -0.0203916 0.0101958 -0.00118022 0.000590111 -0.00501672 0.00250836 0.00162159 -0.000810793 -0.159759 0.0798797 -0.0142351 0.00711753 0.0786103 -0.0393051 -0.0314507 0.0157254 0.000921517 -0.000460759 -0.0115636 0.00578182 -0.00417083 0.00208542 
0.0188825 -0.00944123 -0.00823565 0.00411782 -0.00186835 0.000934175 -0.0203131 0.0101566 -0.00117352 0.000586758 -0.00500068 0.00250034 0.00161749 -0.000808744 -0.158108 0.0790542 -0.0141369 0.00706843 0.0778484 -0.0389242 -0.0313248 0.0156624 0.00091133 -0.000455665 -0.0115396 0.0057698 -0.00417233 0.00208617 
0.0188262 -0.0094131 -0.00820938 0.00410469 -0.00186208 0.000931041 -0.0202501 0.010125 -0.00116799 0.000583994 -0.00498561 0.0024928 0.00161308 -0.000806542 -0.156473 0.0782367 -0.0140409 0.00702046 0.0770951 -0.0385476 -0.0312017 0.0156009 0.000902256 -0.000451128 -0.0115156 0.00575779 -0.00417366 0.00208683 
0.0187688 -0.00938442 -0.00818315 0.00409157 -0.00185583 0.000927915 -0.0201881 0.010094 -0.00116201 0.000581004 -0.00497112 0.00248556 0.0016092 -0.000804601 -0.154858 0.0774288 -0.0139449 0.00697247 0.0763482 -0.0381741 -0.0310804 0.0155402 0.00089216 -0.00044608 -0.0114932 0.00574661 -0.00417561 0.0020878 
0.018714 -0.009357 -0.00815688 0.00407844 -0.00184957 0.000924783 -0.0201268 0.0100634 -0.00115579 0.000577897 -0.00495686 0.00247843 0.00160551 -0.000802757 -0.153255 0.0766277 -0.0138499 0.00692493 0.075609 -0.0378045 -0.0309611 0.0154806 0.000881853 -0.000440927 -0.0114715 0.00573574 -0.00417788 0.00208894 
0.0186596 -0.0093298 -0.00813037 0.00406518 -0.00184419 0.000922093 -0.0200668 0.0100334 -0.00114957 0.000574784 -0.00494287 0.00247143 0.00160201 -0.000801003 -0.151668 0.0758342 -0.013756 0.00687801 0.074877 -0.0374385 -0.0308441 0.015422 0.000871603 -0.000435801 -0.0114506 0.0057253 -0.00418042 0.00209021 
0.018607 -0.00930352 -0.00810598 0.00405299 -0.00183833 0.000919166 -0.0200097 0.0100048 -0.00114436 0.00057218 -0.00493 0.002465 0.00159856 -0.000799281 -0.150098 0.0750489 -0.0136651 0.00683253 0.0741518 -0.0370759 -0.0307294 0.0153647 0.000862664 -0.000431332 -0.0114308 0.00571539 -0.00418266 0.00209133 
0.0185523 -0.00927615 -0.00808039 0.0040402 -0.00183243 0.000916216 -0.0199497 0.00997487 -0.00113833 0.000569166 -0.00491595 0.00245798 0.00159487 -0.000797433 -0.148544 0.074272 -0.0135735 0.00678673 0.0734331 -0.0367166 -0.0306164 0.0153082 0.000852597 -0.000426298 -0.0114123 0.00570614 -0.00418553 0.00209277 
0.0184987 -0.00924935 -0.00805544 0.00402772 -0.00182679 0.000913396 -0.0198909 0.00994543 -0.00113249 0.000566243 -0.00490208 0.00245104 0.00159124 -0.000795618 -0.147005 0.0735025 -0.0134827 0.00674136 0.0727222 -0.0363611 -0.0305054 0.0152527 0.000842235 -0.000421117 -0.0113942 0.00569711 -0.00418879 0.00209439 
0.0184469 -0.00922347 -0.00803032 0.00401516 -0.00182095 0.000910477 -0.0198323 0.00991616 -0.00112666 0.000563328 -0.00488832 0.00244416 0.0015876 -0.000793801 -0.145479 0.0727393 -0.013393 0.00669649 0.0720184 -0.0360092 -0.0303963 0.0151982 0.000831871 -0.000415935 -0.0113768 0.00568841 -0.00419231 0.00209616 
0.018394 -0.009197 -0.00800564 0.00400282 -0.00181554 0.000907768 -0.0197746 0.00988732 -0.00112109 0.000560546 -0.00487469 0.00243735 0.00158398 -0.00079199 -0.143969 0.0719845 -0.0133041 0.00665207 0.0713222 -0.0356611 -0.0302894 0.0151447 0.000821338 -0.000410669 -0.0113598 0.00567992 -0.00419619 0.0020981 
0.0183417 -0.00917083 -0.0079812 0.0039906 -0.00181015 0.000905077 -0.0197177 0.00985886 -0.00111567 0.000557834 -0.00486132 0.00243066 0.00158045 -0.000790227 -0.142473 0.0712366 -0.0132179 0.00660895 0.0706328 -0.0353164 -0.0301849 0.0150925 0.000812151 -0.000406075 -0.0113436 0.00567181 -0.00419977 0.00209989 
0.0182894 -0.00914468 -0.00795705 0.00397853 -0.00180489 0.000902447 -0.0196612 0.00983058 -0.00111035 0.000555174 -0.00484801 0.002424 0.00157689 -0.000788445 -0.140993 0.0704964 -0.0131312 0.00656559 0.0699496 -0.0349748 -0.0300816 0.0150408 0.000801654 -0.000400827 -0.0113286 0.00566431 -0.00420403 0.00210202 
0.0182399 -0.00911994 -0.00793256 0.00396628 -0.00179986 0.000899928 -0.0196055 0.00980276 -0.00110482 0.000552408 -0.00483494 0.00241747 0.00157348 -0.000786741 -0.139523 0.0697616 -0.0130454 0.0065227 0.0692721 -0.034636 -0.0299794 0.0149897 0.000791347 -0.000395674 -0.0113148 0.00565742 -0.00420825 0.00210412 
0.0181906 -0.00909528 -0.00790991 0.00395496 -0.00179517 0.000897587 -0.0195532 0.00977661 -0.00110046 0.000550232 -0.00482306 0.00241153 0.00157021 -0.000785107 -0.138071 0.0690355 -0.0129609 0.00648046 0.0686028 -0.0343014 -0.0298804 0.0149402 0.000780822 -0.000390411 -0.0113008 0.00565041 -0.00421308 0.00210654 
0.0181411 -0.00907055 -0.00788592 0.00394296 -0.00178957 0.000894786 -0.0194976 0.0097488 -0.00109488 0.000547441 -0.00481002 0.00240501 0.00156677 -0.000783383 -0.136632 0.0683161 -0.0128772 0.00643862 0.0679382 -0.0339691 -0.0297821 0.014891 0.00077059 -0.000385295 -0.0112886 0.00564431 -0.0042177 0.00210885 
0.01809 -0.00904499 -0.00786224 0.00393112 -0.00178447 0.000892237 -0.0194426 0.00972132 -0.00108954 0.000544769 -0.00479708 0.00239854 0.00156331 -0.000781656 -0.13521 0.0676049 -0.0127947 0.00639733 0.0672799 -0.03364 -0.0296862 0.0148431 0.000760326 -0.000380163 -0.0112776 0.00563882 -0.00422264 0.00211132 
0.0180405 -0.00902027 -0.00783893 0.00391947 -0.00177945 0.000889727 -0.0193888 0.0096944 -0.00108434 0.000542169 -0.00478435 0.00239218 0.00155996 -0.000779979 -0.133799 0.0668995 -0.0127129 0.00635643 0.0666283 -0.0333141 -0.0295919 0.0147959 0.000749738 -0.000374869 -0.0112672 0.00563359 -0.00422796 0.00211398 
0.0179914 -0.00899569 -0.00781609 0.00390805 -0.00177506 0.000887528 -0.0193357 0.00966787 -0.00107974 0.000539871 -0.00477159 0.00238579 0.00155642 -0.00077821 -0.132401 0.0662005 -0.012632 0.006316 0.0659836 -0.0329918 -0.0294994 0.0147497 0.000739108 -0.000369554 -0.0112572 0.0056286 -0.00423353 0.00211676 
0.017941 -0.00897051 -0.00779357 0.00389679 -0.00177069 0.000885343 -0.019283 0.0096415 -0.00107546 0.000537728 -0.00475886 0.00237943 0.00155272 -0.000776361 -0.131019 0.0655096 -0.0125521 0.00627603 0.0653453 -0.0326726 -0.0294086 0.0147043 0.000728556 -0.000364278 -0.0112476 0.00562381 -0.00423926 0.00211963 
0.017891 -0.0089455 -0.00777113 0.00388557 -0.00176641 0.000883203 -0.0192306 0.0096153 -0.00107126 0.000535631 -0.00474625 0.00237312 0.00154904 -0.000774519 -0.12965 0.0648252 -0.0124731 0.00623653 0.0647136 -0.0323568 -0.0293198 0.0146599 0.000718047 -0.000359023 -0.0112385 0.00561926 -0.00424517 0.00212258 
0.0178412 -0.00892062 -0.00774891 0.00387446 -0.00176215 0.000881075 -0.0191788 0.00958942 -0.00106708 0.00053354 -0.00473383 0.00236691 0.00154544 -0.000772721 -0.128295 0.0641477 -0.012395 0.00619749 0.0640884 -0.0320442 -0.0292322 0.0146161 0.000707359 -0.000353679 -0.0112297 0.00561484 -0.00425133 0.00212566 
0.0177934 -0.00889669 -0.00772686 0.00386343 -0.00175837 0.000879184 -0.0191281 0.00956407 -0.00106282 0.000531408 -0.00472162 0.00236081 0.00154197 -0.000770984 -0.126952 0.063476 -0.0123175 0.00615875 0.0634699 -0.0317349 -0.0291462 0.0145731 0.000696633 -0.000348317 -0.0112212 0.00561062 -0.00425768 0.00212884 
0.0177471 -0.00887356 -0.00770654 0.00385327 -0.0017546 0.000877301 -0.0190801 0.00954005 -0.00105965 0.000529827 -0.00471053 0.00235527 0.00153855 -0.000769277 -0.125624 0.0628121 -0.012241 0.0061205 0.0628452 -0.0314226 -0.0290539 0.0145269 0.000687255 -0.000343628 -0.0112176 0.00560882 -0.00426187 0.00213093 
0.0177004 -0.00885018 -0.0076846 0.0038423 -0.00175011 0.000875054 -0.0190292 0.00951458 -0.00105528 0.000527642 -0.00469833 0.00234916 0.00153504 -0.00076752 -0.124306 0.0621531 -0.0121657 0.00608284 0.0622345 -0.0311173 -0.0289708 0.0144854 0.000677463 -0.000338731 -0.011213 0.00560648 -0.00426757 0.00213378 
0.0176526 -0.00882631 -0.00766248 0.00383124 -0.00174557 0.000872783 -0.0189784 0.00948922 -0.00105066 0.000525332 -0.00468632 0.00234316 0.00153168 -0.000765842 -0.123003 0.0615015 -0.0120918 0.00604591 0.061631 -0.0308155 -0.0288912 0.0144456 0.000667274 -0.000333637 -0.0112088 0.00560442 -0.00427404 0.00213702 
0.017599 -0.00879951 -0.00763564 0.00381782 -0.00173612 0.000868061 -0.0189146 0.00945732 -0.00104489 0.000522443 -0.00467384 0.00233692 0.00152874 -0.000764372 -0.121711 0.0608553 -0.012018 0.00600899 0.0610344 -0.0305172 -0.0288121 0.014406 0.000656537 -0.000328269 -0.0112046 0.0056023 -0.00428096 0.00214048 
0.0175551 -0.00877755 -0.00761419 0.00380709 -0.00173125 0.000865627 -0.0188662 0.00943311 -0.00104002 0.000520009 -0.00466247 0.00233124 0.00152568 -0.00076284 -0.120432 0.0602158 -0.0119457 0.00597285 0.0604435 -0.0302217 -0.0287356 0.0143678 0.00064626 -0.00032313 -0.0112009 0.00560044 -0.00428787 0.00214393 
0.0175132 -0.00875662 -0.00759292 0.00379646 -0.00172648 0.000863242 -0.0188189 0.00940943 -0.00103486 0.000517429 -0.00465146 0.00232573 0.00152297 -0.000761483 -0.119164 0.0595819 -0.011874 0.00593699 0.0598587 -0.0299294 -0.0286601 0.0143301 0.000635902 -0.000317951 -0.0111973 0.00559866 -0.00429492 0.00214746 
0.0174712 -0.0087356 -0.00757191 0.00378595 -0.00172182 0.000860909 -0.0187722 0.00938608 -0.0010297 0.000514851 -0.00464063 0.00232032 0.00152038 -0.000760188 -0.11791 0.058955 -0.0118032 0.00590162 0.0592791 -0.0296395 -0.0285856 0.0142928 0.000625686 -0.000312843 -0.0111946 0.0055973 -0.0043019 0.00215095 
0.0174286 -0.00871428 -0.00755098 0.00377549 -0.00171736 0.000858682 -0.0187259 0.00936293 -0.00102467 0.000512333 -0.00462991 0.00231496 0.00151781 -0.000758906 -0.116669 0.0583343 -0.0117334 0.00586671 0.0587045 -0.0293522 -0.0285135 0.0142568 0.000615424 -0.000307712 -0.0111933 0.00559667 -0.00430922 0.00215461 
0.017387 -0.00869348 -0.00753038 0.00376519 -0.00171284 0.000856422 -0.0186797 0.00933986 -0.0010197 0.000509848 -0.00461914 0.00230957 0.00151514 -0.000757571 -0.115439 0.0577194 -0.0116627 0.00583134 0.0581356 -0.0290678 -0.0284416 0.0142208 0.000603853 -0.000301926 -0.0111923 0.00559615 -0.00431713 0.00215857 
0.0173464 -0.00867321 -0.00750922 0.00375461 -0.00170887 0.000854433 -0.018635 0.00931752 -0.00101435 0.000507177 -0.00460904 0.00230452 0.00151298 -0.000756488 -0.11422 0.0571101 -0.0115942 0.00579711 0.0575728 -0.0287864 -0.0283722 0.0141861 0.000593399 -0.0002967 -0.0111916 0.00559582 -0.0043249 0.00216245 
0.0173055 -0.00865274 -0.00748896 0.00374448 -0.00170468 0.000852338 -0.0185899 0.00929496 -0.00100956 0.000504779 -0.00459848 0.00229924 0.00151038 -0.000755188 -0.113014 0.0565071 -0.0115268 0.00576339 0.0570138 -0.0285069 -0.0283037 0.0141519 0.000583337 -0.000291669 -0.0111925 0.00559625 -0.00433244 0.00216622 
0.0172673 -0.00863364 -0.00747014 0.00373507 -0.00170058 0.000850292 -0.0185483 0.00927413 -0.00100555 0.000502773 -0.00458933 0.00229467 0.00150808 -0.000754041 -0.11182 0.0559099 -0.0114601 0.00573004 0.0564612 -0.0282306 -0.0282366 0.0141183 0.000573101 -0.00028655 -0.0111931 0.00559653 -0.00434027 0.00217014 
0.0172266 -0.00861332 -0.00745036 0.00372518 -0.00169688 0.000848439 -0.0185042 0.00925212 -0.00100118 0.000500591 -0.00457887 0.00228944 0.00150541 -0.000752703 -0.110637 0.0553184 -0.011394 0.00569701 0.0559146 -0.0279573 -0.0281707 0.0140853 0.000562657 -0.000281329 -0.0111938 0.00559691 -0.00434836 0.00217418 
0.0171859 -0.00859295 -0.00743069 0.00371535 -0.00169282 0.000846409 -0.0184603 0.00923015 -0.000996779 0.00049839 -0.00456849 0.00228424 0.0015027 -0.00075135 -0.109467 0.0547333 -0.0113287 0.00566435 0.0553741 -0.027687 -0.0281066 0.0140533 0.000552076 -0.000276038 -0.0111947 0.00559735 -0.00435676 0.00217838 
0.0171459 -0.00857297 -0.00741127 0.00370563 -0.00168912 0.000844559 -0.018417 0.00920852 -0.000992612 0.000496306 -0.00455818 0.00227909 0.00149998 -0.000749991 -0.108307 0.0541535 -0.0112625 0.00563125 0.0548376 -0.0274188 -0.0280424 0.0140212 0.000540527 -0.000270264 -0.0111966 0.00559832 -0.00436543 0.00218272 
0.0171065 -0.00855327 -0.00739207 0.00369604 -0.00168527 0.000842633 -0.0183737 0.00918687 -0.000988531 0.000494265 -0.00454788 0.00227394 0.00149716 -0.000748581 -0.107158 0.0535789 -0.0111987 0.00559933 0.0543057 -0.0271529 -0.0279801 0.01399 0.000530338 -0.000265169 -0.0111995 0.00559975 -0.00437369 0.00218685 
0.0170668 -0.00853342 -0.00737307 0.00368653 -0.00168169 0.000840844 -0.0183312 0.0091656 -0.000984562 0.000492281 -0.00453773 0.00226887 0.00149443 -0.000747215 -0.106021 0.0530105 -0.0111355 0.00556777 0.0537797 -0.0268898 -0.0279192 0.0139596 0.000520019 -0.00026001 -0.0112024 0.00560122 -0.0043822 0.0021911 
0.0170282 -0.0085141 -0.00735392 0.00367696 -0.00167767 0.000838836 -0.0182887 0.00914436 -0.00098026 0.00049013 -0.00452777 0.00226389 0.00149184 -0.00074592 -0.104895 0.0524475 -0.011073 0.0055365 0.0532593 -0.0266297 -0.0278594 0.0139297 0.000509588 -0.000254794 -0.0112053 0.00560265 -0.00439089 0.00219544 
0.0169895 -0.00849475 -0.0073354 0.0036677 -0.00167444 0.00083722 -0.0182476 0.0091238 -0.000976454 0.000488227 -0.00451791 0.00225895 0.00148926 -0.000744631 -0.10378 0.0518901 -0.011011 0.00550551 0.0527447 -0.0263723 -0.0278006 0.0139003 0.000499024 -0.000249512 -0.0112081 0.00560406 -0.00439978 0.00219989 
0.0169507 -0.00847534 -0.0073168 0.0036584 -0.00167098 0.000835488 -0.0182063 0.00910313 -0.000972755 0.000486378 -0.00450806 0.00225403 0.00148657 -0.000743283 -0.102676 0.0513378 -0.0109484 0.0054742 0.0522342 -0.0261171 -0.0277423 0.0138712 0.000487441 -0.000243721 -0.011212 0.00560598 -0.00440907 0.00220454 
0.0169124 -0.0084562 -0.00729866 0.00364933 -0.00166752 0.00083376 -0.0181652 0.00908259 -0.000969111 0.000484556 -0.00449818 0.00224909 0.00148381 -0.000741904 -0.101582 0.0507912 -0.010888 0.00544402 0.051729 -0.0258645 -0.027686 0.013843 0.000477016 -0.000238508 -0.0112161 0.00560803 -0.0044181 0.00220905 
0.0168743 -0.00843714 -0.00728014 0.00364007 -0.00166413 0.000832063 -0.0181245 0.00906226 -0.00096528 0.00048264 -0.00448864 0.00224432 0.00148129 -0.000740645 -0.1005 0.05025 -0.0108284 0.00541419 0.0512278 -0.0256139 -0.0276304 0.0138152 0.000466835 -0.000233418 -0.0112211 0.00561053 -0.00442699 0.0022135 
0.0168369 -0.00841843 -0.0072619 0.00363095 -0.00166141 0.000830706 -0.0180851 0.00904255 -0.000961471 0.000480735 -0.00447927 0.00223964 0.00147888 -0.000739442 -0.099428 0.049714 -0.0107691 0.00538456 0.0507328 -0.0253664 -0.0275762 0.0137881 0.00045623 -0.000228115 -0.0112257 0.00561287 -0.00443634 0.00221817 
0.0168011 -0.00840054 -0.00724584 0.00362292 -0.00165891 0.000829457 -0.0180489 0.00902445 -0.000959209 0.000479604 -0.00447094 0.00223547 0.00147639 -0.000738193 -0.0983664 0.0491832 -0.0107094 0.00535469 0.0502415 -0.0251208 -0.0275223 0.0137612 0.000444705 -0.000222353 -0.0112315 0.00561573 -0.00444602 0.00222301 
0.0167637 -0.00838183 -0.00722835 0.00361418 -0.00165571 0.000827855 -0.0180091 0.00900455 -0.000955993 0.000477996 -0.00446127 0.00223064 0.00147353 -0.000736766 -0.0973149 0.0486575 -0.0106515 0.00532577 0.0497557 -0.0248779 -0.0274701 0.013735 0.000434266 -0.000217133 -0.011237 0.00561852 -0.00445542 0.00222771 
0.0167271 -0.00836356 -0.0072106 0.0036053 -0.00165209 0.000826046 -0.0179694 0.00898472 -0.000952229 0.000476115 -0.00445188 0.00222594 0.00147097 -0.000735485 -0.0962743 0.0481371 -0.0105943 0.00529715 0.0492758 -0.0246379 -0.0274189 0.0137095 0.000423634 -0.000211817 -0.0112422 0.00562109 -0.00446509 0.00223254 
0.0166902 -0.0083451 -0.00719343 0.00359671 -0.00164953 0.000824766 -0.0179311 0.00896557 -0.000949175 0.000474587 -0.00444248 0.00222124 0.0014683 -0.000734148 -0.0952438 0.0476219 -0.0105362 0.00526811 0.0487998 -0.0243999 -0.0273678 0.0136839 0.000411986 -0.000205993 -0.011248 0.005624 -0.00447508 0.00223754 
0.0166535 -0.00832675 -0.00717647 0.00358823 -0.00164676 0.00082338 -0.0178928 0.0089464 -0.000946217 0.000473108 -0.00443311 0.00221655 0.00146552 -0.000732759 -0.0942229 0.0471115 -0.0104805 0.00524024 0.0483288 -0.0241644 -0.0273186 0.0136593 0.000401595 -0.000200797 -0.0112541 0.00562705 -0.00448475 0.00224237 
0.0166091 -0.00830456 -0.0071547 0.00357735 -0.00163861 0.000819305 -0.0178403 0.00892017 -0.000941899 0.00047095 -0.00442316 0.00221158 0.00146306 -0.000731529 -0.0932134 0.0466067 -0.0104248 0.00521239 0.0478618 -0.0239309 -0.027269 0.0136345 0.000391015 -0.000195507 -0.0112608 0.00563038 -0.00449441 0.00224721 
0.0165754 -0.00828768 -0.00713833 0.00356916 -0.00163505 0.000817526 -0.0178034 0.0089017 -0.000938489 0.000469244 -0.00441431 0.00220716 0.00146051 -0.000730255 -0.0922129 0.0461065 -0.0103685 0.00518427 0.0474006 -0.0237003 -0.027221 0.0136105 0.000379127 -0.000189563 -0.0112671 0.00563353 -0.00450491 0.00225245 
0.0165429 -0.00827146 -0.00712191 0.00356095 -0.00163145 0.000815724 -0.0177672 0.00888362 -0.000934491 0.000467246 -0.00440588 0.00220294 0.00145844 -0.000729219 -0.0912222 0.0456111 -0.0103147 0.00515736 0.0469426 -0.0234713 -0.0271746 0.0135873 0.000368861 -0.00018443 -0.0112745 0.00563723 -0.0045147 0.00225735 
0.0165109 -0.00825544 -0.00710557 0.00355279 -0.00162808 0.000814042 -0.0177315 0.00886575 -0.000930531 0.000465266 -0.00439751 0.00219876 0.00145642 -0.000728212 -0.0902409 0.0451204 -0.0102613 0.00513065 0.0464891 -0.0232446 -0.0271288 0.0135644 0.00035855 -0.000179275 -0.0112822 0.00564108 -0.00452456 0.00226228 
0.0164792 -0.0082396 -0.00708921 0.00354461 -0.00162457 0.000812285 -0.0176962 0.00884809 -0.000926415 0.000463207 -0.00438934 0.00219467 0.00145455 -0.000727276 -0.0892696 0.0446348 -0.0102069 0.00510344 0.046041 -0.0230205 -0.0270833 0.0135417 0.000346801 -0.000173401 -0.0112895 0.00564475 -0.00453514 0.00226757 
0.0164479 -0.00822393 -0.00707314 0.00353657 -0.00162117 0.000810585 -0.0176611 0.00883055 -0.00092236 0.00046118 -0.00438119 0.00219059 0.00145267 -0.000726334 -0.0883078 0.0441539 -0.0101549 0.00507744 0.0455962 -0.0227981 -0.0270396 0.0135198 0.000336582 -0.000168291 -0.0112978 0.00564891 -0.00454514 0.00227257 
0.0164163 -0.00820817 -0.00705739 0.0035287 -0.00161817 0.000809087 -0.017627 0.00881349 -0.00091867 0.000459335 -0.00437315 0.00218657 0.00145079 -0.000725394 -0.0873554 0.0436777 -0.010103 0.00505151 0.0451572 -0.0225786 -0.0269967 0.0134984 0.000325943 -0.000162972 -0.0113056 0.0056528 -0.00455551 0.00227776 
0.016385 -0.0081925 -0.00704168 0.00352084 -0.00161494 0.000807468 -0.0175924 0.0087962 -0.000914985 0.000457493 -0.00436502 0.00218251 0.00144875 -0.000724377 -0.0864125 0.0432062 -0.0100506 0.0050253 0.0447208 -0.0223604 -0.0269537 0.0134769 0.000314549 -0.000157275 -0.0113145 0.00565727 -0.00456601 0.00228301 
0.0163537 -0.00817684 -0.00702616 0.00351308 -0.00161203 0.000806015 -0.0175588 0.0087794 -0.000911482 0.000455741 -0.00435711 0.00217855 0.00144685 -0.000723427 -0.0854787 0.0427393 -0.01 0.00500001 0.0442904 -0.0221452 -0.0269127 0.0134563 0.000304009 -0.000152004 -0.0113228 0.00566138 -0.00457649 0.00228825 
0.0163226 -0.00816128 -0.00701075 0.00350538 -0.00160897 0.000804486 -0.0175249 0.00876246 -0.000908024 0.000454012 -0.00434908 0.00217454 0.00144479 -0.000722397 -0.0845542 0.0422771 -0.00994846 0.00497423 0.0438634 -0.0219317 -0.0268711 0.0134356 0.000292431 -0.000146216 -0.0113316 0.00566579 -0.00458723 0.00229362 
0.0162916 -0.00814579 -0.00699548 0.00349774 -0.00160625 0.000803126 -0.0174919 0.00874596 -0.00090463 0.000452315 -0.00434134 0.00217067 0.00144292 -0.000721461 -0.0836386 0.0418193 -0.00989929 0.00494964 0.0434392 -0.0217196 -0.0268315 0.0134158 0.000282361 -0.00014118 -0.0113419 0.00567093 -0.00459745 0.00229872 
0.0162608 -0.00813038 -0.00698048 0.00349024 -0.00160341 0.000801704 -0.0174587 0.00872934 -0.000901422 0.000450711 -0.0043334 0.0021667 0.00144081 -0.000720407 -0.082732 0.041366 -0.00985023 0.00492511 0.0430208 -0.0215104 -0.0267928 0.0133964 0.000271774 -0.000135887 -0.0113514 0.00567568 -0.00460811 0.00230405 
0.0162309 -0.00811544 -0.00696498 0.00348249 -0.00160065 0.000800324 -0.0174261 0.00871304 -0.000897626 0.000448813 -0.00432592 0.00216296 0.0014391 -0.000719549 -0.0818337 0.0409168 -0.00980049 0.00490025 0.0426056 -0.0213028 -0.0267543 0.0133772 0.000260228 -0.000130114 -0.0113616 0.00568081 -0.00461913 0.00230957 
0.0162031 -0.00810156 -0.00695157 0.00347579 -0.00159815 0.000799077 -0.017397 0.0086985 -0.00089504 0.00044752 -0.00431962 0.00215981 0.00143756 -0.000718781 -0.0809447 0.0404724 -0.00975271 0.00487635 0.0421952 -0.0210976 -0.0267171 0.0133586 0.00024977 -0.000124885 -0.0113716 0.00568578 -0.00462984 0.00231492 
