task performance task dynamics
1.21184 -0.0908877 
1.21002 -0.0907515 
1.2082 -0.0906154 
1.20639 -0.0904795 
1.20458 -0.0903438 
1.20278 -0.0902083 
1.20097 -0.0900731 
1.19917 -0.089938 
1.19737 -0.0898031 
1.19558 -0.0896684 
1.19379 -0.089534 
1.192 -0.0893997 
1.19021 -0.0892656 
1.18842 -0.0891318 
1.18664 -0.0889981 
1.18486 -0.0888646 
1.18309 -0.0887314 
1.18131 -0.0885983 
1.17954 -0.0884654 
1.17777 -0.0883328 
1.176 -0.0882003 
1.17424 -0.088068 
1.17248 -0.0879359 
1.17072 -0.0878041 
1.16897 -0.0876724 
1.16721 -0.0875409 
1.16546 -0.0874096 
1.16371 -0.0872785 
1.16197 -0.0871476 
1.16023 -0.0870169 
1.15849 -0.0868864 
1.15675 -0.0867561 
1.15501 -0.086626 
1.15328 -0.0864961 
1.15155 -0.0863663 
1.14982 -0.0862368 
1.1481 -0.0861074 
1.14638 -0.0859783 
1.14466 -0.0858493 
1.14294 -0.0857206 
1.14123 -0.085592 
1.13951 -0.0854636 
1.13781 -0.0853354 
1.1361 -0.0852074 
1.13439 -0.0850796 
1.13269 -0.084952 
1.13099 -0.0848246 
1.1293 -0.0846973 
1.1276 -0.0845703 
1.12591 -0.0844434 
1.12422 -0.0843168 
1.12254 -0.0841903 
1.12085 -0.084064 
1.11917 -0.0839379 
1.11749 -0.083812 
1.11582 -0.0836862 
1.11414 -0.0835607 
1.11247 -0.0834353 
1.1108 -0.0833102 
1.10914 -0.0831852 
1.10747 -0.0830604 
1.10581 -0.0829358 
1.10415 -0.0828113 
1.10249 -0.0826871 
1.10084 -0.082563 
1.09919 -0.0824391 
1.09754 -0.0823154 
1.09589 -0.0821919 
1.09425 -0.0820686 
1.09261 -0.0819455 
1.09097 -0.0818225 
1.08933 -0.0816997 
1.08769 -0.0815771 
1.08606 -0.0814547 
1.08443 -0.0813325 
1.08281 -0.0812104 
1.0811 -0.0810824 
1.07948 -0.0809607 
1.07786 -0.0808392 
1.07624 -0.0807179 
1.07462 -0.0805968 
1.07301 -0.0804758 
1.0714 -0.080355 
1.06979 -0.0802344 
1.06819 -0.0801139 
1.06658 -0.0799937 
1.06498 -0.0798737 
1.06338 -0.0797538 
1.06179 -0.0796342 
1.0602 -0.0795147 
1.0586 -0.0793954 
1.05702 -0.0792762 
1.05543 -0.0791572 
1.05385 -0.0790385 
1.05226 -0.0789198 
1.05069 -0.0788014 
1.04911 -0.0786831 
1.04753 -0.078565 
1.04596 -0.0784472 
1.04439 -0.0783295 
1.04283 -0.078212 
1.04126 -0.0780946 
1.0397 -0.0779774 
1.03814 -0.0778604 
1.03658 -0.0777436 
1.03503 -0.077627 
1.03347 -0.0775105 
1.03192 -0.0773941 
1.03037 -0.077278 
1.02883 -0.077162 
1.02728 -0.0770463 
1.02574 -0.0769307 
1.0242 -0.0768153 
1.02267 -0.0767001 
1.02113 -0.076585 
1.0196 -0.0764701 
1.01807 -0.0763554 
1.01654 -0.0762408 
1.01502 -0.0761264 
1.0135 -0.0760122 
1.01198 -0.0758981 
1.01046 -0.0757843 
1.00894 -0.0756706 
1.00743 -0.0755571 
1.00592 -0.0754438 
1.00441 -0.0753306 
1.0029 -0.0752176 
1.0014 -0.0751047 
0.999894 -0.074992 
0.998319 -0.0748739 
0.996821 -0.0747616 
0.995326 -0.0746494 
0.993833 -0.0745375 
0.992342 -0.0744257 
0.990854 -0.074314 
0.989367 -0.0742026 
0.987883 -0.0740912 
0.986401 -0.0739801 
0.984921 -0.0738691 
0.983444 -0.0737583 
0.981968 -0.0736476 
0.980496 -0.0735372 
0.979025 -0.0734269 
0.977557 -0.0733168 
0.976091 -0.0732068 
0.974626 -0.0730969 
0.973161 -0.0729871 
0.971704 -0.0728778 
0.970253 -0.072769 
0.968807 -0.0726605 
0.967366 -0.0725524 
0.965929 -0.0724446 
0.964496 -0.0723372 
0.963067 -0.07223 
0.961641 -0.0721231 
0.960219 -0.0720164 
0.958801 -0.0719101 
0.957472 -0.0718104 
0.956804 -0.0717603 
0.95654 -0.0717405 
0.956376 -0.0717282 
0.956299 -0.0717224 
0.956255 -0.0717191 
0.956117 -0.0717087 
0.956053 -0.071704 
0.9559 -0.0716925 
0.955823 -0.0716867 
0.955775 -0.0716831 
0.955774 -0.071683 
0.955708 -0.0716781 
0.955673 -0.0716754 
0.955515 -0.0716636 
0.955494 -0.071662 
0.955445 -0.0716584 
0.955413 -0.0716559 
0.955392 -0.0716544 
0.955398 -0.0716549 
0.955247 -0.0716435 
0.955193 -0.0716395 
0.955155 -0.0716367 
0.955125 -0.0716344 
0.955104 -0.0716328 
0.955108 -0.0716331 
0.95501 -0.0716258 
0.954876 -0.0716157 
0.954713 -0.0716035 
0.954694 -0.0716021 
0.954656 -0.0715992 
0.954645 -0.0715984 
0.954598 -0.0715949 
0.954524 -0.0715893 
0.954478 -0.0715858 
0.95445 -0.0715837 
0.954417 -0.0715813 
0.95441 -0.0715807 
0.954473 -0.0715855 
0.954353 -0.0715765 
0.954317 -0.0715738 
0.954286 -0.0715715 
0.954256 -0.0715692 
0.954211 -0.0715658 
0.954195 -0.0715646 
0.954163 -0.0715622 
0.954104 -0.0715578 
0.954069 -0.0715552 
0.954044 -0.0715533 
0.954055 -0.0715541 
0.954026 -0.0715519 
0.953993 -0.0715494 
0.953984 -0.0715488 
0.953903 -0.0715427 
0.953885 -0.0715413 
0.953864 -0.0715398 
0.953851 -0.0715389 
0.953817 -0.0715363 
0.953783 -0.0715338 
0.953757 -0.0715318 
0.953527 -0.0715145 
0.953527 -0.0715145 
0.95352 -0.071514 
0.953495 -0.0715122 
0.953483 -0.0715112 
0.953465 -0.0715099 
0.953391 -0.0715043 
0.95337 -0.0715027 
0.953328 -0.0714996 
0.953336 -0.0715002 
0.953266 -0.0714949 
0.953261 -0.0714946 
0.95326 -0.0714945 
0.953183 -0.0714887 
0.953176 -0.0714882 
0.953167 -0.0714875 
0.953139 -0.0714854 
0.953132 -0.0714849 
0.953135 -0.0714852 
0.953111 -0.0714833 
0.953081 -0.0714811 
0.953056 -0.0714792 
0.953015 -0.0714761 
0.953023 -0.0714767 
0.952978 -0.0714733 
0.952999 -0.0714749 
0.952968 -0.0714726 
0.952959 -0.0714719 
0.952937 -0.0714703 
0.952909 -0.0714681 
0.952582 -0.0714436 
0.952616 -0.0714462 
0.952613 -0.071446 
