task performance task dynamics
1.21324 6.9326e-310 
1.22895 1.22895 
1.2496 1.2496 
1.2706 1.2706 
1.29225 1.29225 
1.31484 1.31484 
1.33861 1.33861 
1.36372 1.36372 
1.39026 1.39026 
1.41818 1.41818 
1.44684 1.44684 
1.47607 1.47607 
1.50589 1.50589 
1.5363 1.5363 
1.56733 1.56733 
1.59897 1.59897 
1.63124 1.63124 
1.66415 1.66415 
1.69771 1.69771 
1.73178 1.73178 
1.76473 1.76473 
1.79525 1.79525 
1.8215 1.8215 
1.84188 1.84188 
1.85633 1.85633 
1.86696 1.86696 
1.87641 1.87641 
1.88531 1.88531 
1.89368 1.89368 
1.90151 1.90151 
1.90879 1.90879 
1.91552 1.91552 
1.92172 1.92172 
1.9274 1.9274 
1.93259 1.93259 
1.9373 1.9373 
1.94158 1.94158 
1.94549 1.94549 
1.94903 1.94903 
1.95187 1.95187 
1.9539 1.9539 
1.95508 1.95508 
1.9557 1.9557 
1.95628 1.95628 
1.95683 1.95683 
1.95733 1.95733 
1.95776 1.95776 
1.9581 1.9581 
1.95833 1.95833 
1.95846 1.95846 
1.95847 1.95847 
1.95846 1.95846 
1.95846 1.95846 
1.95846 1.95846 
1.95847 1.95847 
1.95847 1.95847 
1.95848 1.95848 
1.95847 1.95847 
1.95847 1.95847 
1.95847 1.95847 
1.95847 1.95847 
1.95847 1.95847 
1.95848 1.95848 
1.95847 1.95847 
1.95847 1.95847 
1.95847 1.95847 
1.95847 1.95847 
1.95847 1.95847 
1.95847 1.95847 
1.95847 1.95847 
1.95847 1.95847 
1.95847 1.95847 
1.95847 1.95847 
1.95847 1.95847 
1.95847 1.95847 
1.95847 1.95847 
1.95847 1.95847 
1.95847 1.95847 
1.95847 1.95847 
1.95847 1.95847 
1.95847 1.95847 
1.95847 1.95847 
1.95847 1.95847 
1.95847 1.95847 
1.95848 1.95848 
1.95847 1.95847 
1.95847 1.95847 
1.95847 1.95847 
1.95847 1.95847 
1.95847 1.95847 
1.95847 1.95847 
1.95847 1.95847 
1.95847 1.95847 
1.95848 1.95848 
1.95847 1.95847 
1.95847 1.95847 
1.95847 1.95847 
1.95846 1.95846 
1.95846 1.95846 
1.95846 1.95846 
1.95846 1.95846 
1.95847 1.95847 
1.95847 1.95847 
1.95847 1.95847 
1.95847 1.95847 
1.95847 1.95847 
1.95848 1.95848 
1.95847 1.95847 
1.95847 1.95847 
1.95847 1.95847 
1.95847 1.95847 
1.95847 1.95847 
1.95847 1.95847 
1.95847 1.95847 
1.95847 1.95847 
1.95846 1.95846 
1.95846 1.95846 
1.95845 1.95845 
1.95846 1.95846 
1.95846 1.95846 
1.95846 1.95846 
1.95846 1.95846 
1.95847 1.95847 
1.95847 1.95847 
1.95847 1.95847 
1.95848 1.95848 
1.95848 1.95848 
1.95848 1.95848 
1.95847 1.95847 
1.95847 1.95847 
1.95847 1.95847 
1.95847 1.95847 
1.95847 1.95847 
1.95847 1.95847 
1.95847 1.95847 
1.95847 1.95847 
1.95847 1.95847 
1.95847 1.95847 
1.95847 1.95847 
1.95847 1.95847 
1.95846 1.95846 
1.95846 1.95846 
1.95847 1.95847 
1.95847 1.95847 
1.95847 1.95847 
1.95846 1.95846 
1.95845 1.95845 
1.95846 1.95846 
1.95847 1.95847 
1.95846 1.95846 
1.95846 1.95846 
1.95846 1.95846 
1.95847 1.95847 
1.95848 1.95848 
1.95847 1.95847 
1.95847 1.95847 
1.95847 1.95847 
1.95847 1.95847 
1.95847 1.95847 
1.95847 1.95847 
1.95847 1.95847 
1.95848 1.95848 
1.95848 1.95848 
1.95847 1.95847 
1.95847 1.95847 
1.95847 1.95847 
1.95846 1.95846 
1.95847 1.95847 
1.95847 1.95847 
1.95847 1.95847 
1.95847 1.95847 
1.95846 1.95846 
1.95846 1.95846 
1.95845 1.95845 
1.95846 1.95846 
1.95847 1.95847 
1.95847 1.95847 
1.95847 1.95847 
1.95847 1.95847 
1.95848 1.95848 
1.95848 1.95848 
1.95847 1.95847 
1.95847 1.95847 
1.95847 1.95847 
1.95847 1.95847 
1.95847 1.95847 
1.95847 1.95847 
1.95848 1.95848 
1.95847 1.95847 
1.95846 1.95846 
1.95846 1.95846 
1.95847 1.95847 
1.95847 1.95847 
1.95847 1.95847 
1.95847 1.95847 
1.95848 1.95848 
1.95847 1.95847 
1.95847 1.95847 
1.95847 1.95847 
1.95847 1.95847 
1.95847 1.95847 
1.95847 1.95847 
1.95847 1.95847 
1.95848 1.95848 
1.95847 1.95847 
1.95847 1.95847 
1.95848 1.95848 
1.95847 1.95847 
1.95847 1.95847 
1.95846 1.95846 
1.95847 1.95847 
1.95848 1.95848 
1.95847 1.95847 
1.95848 1.95848 
1.95847 1.95847 
1.95847 1.95847 
1.95847 1.95847 
1.95847 1.95847 
1.95848 1.95848 
1.95847 1.95847 
1.95848 1.95848 
1.95847 1.95847 
1.95847 1.95847 
1.95847 1.95847 
1.95847 1.95847 
1.95846 1.95846 
1.95846 1.95846 
1.95847 1.95847 
1.95847 1.95847 
1.95846 1.95846 
1.95847 1.95847 
1.95847 1.95847 
1.95847 1.95847 
1.95846 1.95846 
1.95847 1.95847 
1.95847 1.95847 
1.95846 1.95846 
1.95847 1.95847 
1.95847 1.95847 
1.95847 1.95847 
1.95847 1.95847 
1.95847 1.95847 
1.95847 1.95847 
1.95847 1.95847 
1.95848 1.95848 
1.95847 1.95847 
1.95848 1.95848 
1.95847 1.95847 
1.95848 1.95848 
1.95847 1.95847 
1.95847 1.95847 
