task performance task dynamics
1.22195 3.79313 
1.22517 0.950626 
1.22458 0.96159 
1.21855 3.08999 
1.21928 1.22128 
1.22989 2.84187 
1.23284 4.36403 
1.2398 -0.874868 
1.25013 -1.43262 
1.25011 1.91789 
1.25692 -0.165652 
1.26867 -4.91607 
1.27639 1.97277 
1.2886 -1.049 
1.3059 1.42511 
1.31734 2.39939 
1.32437 0.372142 
1.33409 2.24126 
1.33689 2.6099 
1.34095 1.39576 
1.34896 -0.789811 
1.35643 -2.89778 
1.36482 -0.337984 
1.37492 2.3042 
1.38254 -0.0844664 
1.3895 6.71575 
1.38629 10.7876 
1.3946 -1.65279 
1.39962 -9.67567 
1.40946 -2.34826 
1.41035 4.38593 
1.42356 4.11964 
1.43793 -2.57032 
1.45311 3.95766 
1.4629 5.73035 
1.47287 -1.69383 
1.47881 5.74313 
1.48872 0.690644 
1.49605 7.51085 
1.50006 -7.30837 
1.50399 1.31396 
1.51483 7.742 
1.53049 1.07848 
1.54459 -1.15207 
1.55182 6.04706 
1.55877 3.08016 
1.57288 0.351859 
1.57773 1.27091 
1.58319 -0.347695 
1.57852 -0.857385 
1.57288 -5.07867 
1.57348 5.14453 
1.58318 -2.11896 
1.58791 0.0405599 
1.59898 3.62426 
1.60764 -0.708079 
1.61091 2.10455 
1.61928 8.44025 
1.62813 2.30654 
1.64201 5.66526 
1.65751 8.08525 
1.67134 4.70159 
1.68346 0.212756 
1.68734 0.615154 
1.70264 0.945865 
1.70164 1.28964 
1.70838 3.56802 
1.72451 -0.501965 
1.73432 9.7568 
1.7382 4.65423 
1.73836 -5.89924 
1.74438 -0.0882461 
1.75419 -3.89507 
1.75886 1.00625 
1.76934 7.44934 
1.77875 0.841107 
1.78654 1.9976 
1.79383 3.71836 
1.80334 3.23449 
1.80872 0.118163 
1.80075 3.72561 
1.80651 -3.63831 
1.81198 2.40299 
1.81959 -2.56949 
1.82313 3.49929 
1.8233 -1.63611 
1.83025 5.33331 
1.83009 -1.01166 
1.83812 -4.25307 
1.83555 5.76934 
1.84412 6.83358 
1.85157 -1.98106 
1.86045 0.29956 
1.86799 1.42097 
1.87413 -2.60206 
1.88261 3.41372 
1.88758 -1.02925 
1.88907 5.016 
1.89297 2.27777 
1.89592 4.3655 
1.89661 0.887064 
