task performance task dynamics
1.21217 -1.57991 
1.21389 -2.03836 
1.21313 -0.94577 
1.20473 -0.34208 
1.20208 -5.55731 
1.20425 1.68432 
1.20034 -3.08377 
1.1998 0.972679 
1.19891 -0.932426 
1.18607 1.12116 
1.17612 -0.915612 
1.16884 -0.819218 
1.15319 -1.54922 
1.14384 -3.27585 
1.14509 -8.77402 
1.15361 -2.08479 
1.15597 0.61608 
1.16255 -3.98482 
1.15286 3.19205 
1.14402 -4.18975 
1.1424 0.525263 
1.14147 0.041339 
1.14167 4.42599 
1.14317 1.13176 
1.14674 -4.52585 
1.14913 -8.52155 
1.13681 2.60006 
1.1363 0.153754 
1.12755 4.52 
1.12902 0.172468 
1.12219 0.388192 
1.12432 3.26831 
1.13083 -3.21692 
1.1409 -0.886198 
1.13268 -1.2288 
1.12583 -7.74661 
1.11835 0.0723652 
1.11567 1.38632 
1.11413 -0.977461 
1.105 -0.564248 
1.09297 5.30043 
1.09038 1.29565 
1.09563 -0.239003 
1.08841 -2.06305 
1.07579 -3.0974 
1.06483 -1.67937 
1.06495 -1.81862 
1.05288 4.11081 
1.04812 2.9355 
1.03112 6.86915 
1.01651 -2.94724 
1.0114 1.48583 
1.01083 -1.95551 
0.998599 2.32874 
1.00587 -1.7509 
1.00023 0.316839 
0.987843 2.42799 
0.982346 -3.87979 
0.977103 3.42452 
0.976483 5.94149 
0.978137 -1.99464 
0.978881 1.0721 
0.982011 3.89889 
0.973688 -0.0803332 
0.983435 -0.747881 
0.972263 -1.27373 
0.967051 0.179116 
0.97933 0.78235 
0.991432 -0.276126 
0.986163 2.09325 
0.978428 -0.575387 
0.979177 1.69977 
0.98552 0.76708 
0.985182 -1.75585 
0.987223 -5.19838 
0.988295 2.96073 
0.983951 4.47392 
0.980448 -0.265294 
0.981622 -0.781026 
0.980519 -3.48909 
0.965103 -1.65197 
0.964546 3.63117 
0.967334 4.09383 
0.969707 0.405735 
0.964919 -3.98001 
0.955564 3.21153 
0.955596 -3.19369 
0.946069 -0.581867 
0.954229 2.52588 
0.947833 -3.99512 
0.955609 2.13252 
0.956907 5.27149 
0.961333 -2.04004 
0.968262 5.10502 
0.975174 -1.36729 
0.988956 0.714365 
0.997158 0.695808 
1.00328 -3.70242 
1.00576 2.99061 
1.00872 -0.962017 
1.00089 0.730782 
1.00288 -1.3597 
1.00683 -0.5786 
0.999836 1.69172 
1.00125 2.51654 
1.01574 -1.53121 
1.02256 3.05586 
1.02107 0.595529 
1.01919 0.301414 
1.01738 0.315403 
1.02342 -4.40618 
1.03271 1.82547 
1.04136 2.3628 
1.05689 -0.117188 
1.06108 -2.75723 
1.06028 -0.799603 
1.04911 -1.47662 
1.03956 1.89147 
1.02479 -3.69044 
1.02105 -0.12747 
1.02642 1.51852 
1.02669 -4.48829 
1.02261 2.17602 
1.01887 -1.70944 
1.00682 -2.48017 
0.996981 0.181499 
0.995964 -0.896348 
0.989403 2.09397 
0.999303 3.37439 
1.0025 2.20665 
1.00223 -7.41985 
0.995197 -0.675441 
0.994981 -0.890052 
0.995639 -0.0865305 
0.990563 2.00676 
0.989931 -0.923246 
0.980817 -3.74233 
0.970594 2.05185 
0.969051 4.50364 
0.967266 0.872768 
0.961473 -2.25218 
0.951609 -3.33427 
0.94491 -0.607941 
0.950478 0.53742 
0.959423 0.76895 
0.960442 1.96862 
0.956806 -0.288733 
0.952961 0.0863426 
0.944275 2.49536 
0.946458 5.62359 
0.95692 -2.88104 
0.967616 -1.80531 
0.968062 -2.38596 
0.969891 -2.32198 
0.959788 -6.48595 
0.961121 1.90068 
0.965794 0.853539 
0.967045 -2.76614 
0.977845 -6.25095 
0.981714 1.67126 
0.981659 1.35503 
0.978532 -1.99096 
0.98297 -4.84929 
0.989189 0.0941541 
0.989143 -1.91487 
0.974166 -2.23828 
0.96073 -1.52685 
0.95637 -0.053538 
0.958107 -5.34186 
0.964721 -3.05106 
0.9763 -6.55548 
0.984808 3.12974 
0.994485 -1.00688 
1.00351 1.74616 
1.00563 -1.23347 
0.997974 2.16946 
0.995148 -1.4379 
0.994997 0.876961 
1.00131 2.72176 
1.01607 0.896541 
1.02513 0.277579 
1.02099 -1.85298 
1.01736 4.8301 
1.01625 2.50118 
1.02266 -0.248288 
1.02102 -6.39197 
1.03005 -0.938744 
1.03677 5.03846 
1.03265 -2.4865 
1.01999 0.0962575 
1.02727 3.87939 
1.03652 1.08344 
1.03912 -0.185527 
1.0252 -2.2093 
1.01298 0.816051 
1.01103 1.60688 
0.998461 -4.39586 
0.98689 -3.20154 
0.970647 4.32694 
0.961505 3.2272 
0.952587 -2.60932 
0.953407 7.12839 
0.964989 4.21855 
0.976877 -2.60047 
0.979036 -1.20072 
0.973563 3.19721 
0.965586 1.38693 
0.966646 2.87484 
0.966435 -1.78102 
0.957279 1.28903 
0.945823 3.33247 
0.941707 -1.37987 
0.943448 0.0514487 
0.943722 1.41488 
0.95128 -2.04648 
0.943548 4.23337 
0.940876 -1.20859 
0.941673 -3.52536 
0.942196 -2.20357 
0.946529 2.86323 
0.942183 -3.19316 
0.943137 3.10323 
0.941033 -2.36301 
0.948289 -2.12633 
0.950952 0.79409 
0.952969 -0.809792 
0.960529 -1.59306 
0.959927 1.48636 
0.961125 -5.30537 
0.959293 -0.178428 
0.963553 0.0497775 
0.969234 -1.58344 
0.970246 -2.18083 
0.967587 -3.38718 
0.954412 4.8916 
0.942688 -0.755733 
0.943113 1.66734 
0.940057 1.27768 
0.942376 -3.73457 
0.940847 -2.44513 
0.943622 -0.376001 
0.944805 -5.19911 
0.948014 -0.444849 
0.95518 -4.05948 
0.960769 1.30237 
0.963298 0.801725 
0.95949 0.20486 
0.95661 -1.49097 
0.950234 1.03585 
0.948073 2.29151 
