task performance task dynamics
1.2047 6.93237e-310 
1.20703 -10.0214 
1.19983 4.31576 
1.19 -7.47615 
1.18324 4.28153 
1.19052 -0.991619 
1.19401 -1.02738 
1.20075 -3.78999 
1.20595 -0.82321 
1.20976 6.32212 
1.21201 3.0625 
1.21566 -3.04942 
1.21224 4.25973 
1.20968 0.717107 
1.21176 0.266447 
1.22661 -6.694 
1.24131 0.655698 
1.25401 -3.04615 
1.25792 -1.56558 
1.25994 6.14555 
1.26131 2.09658 
1.26841 -0.105175 
1.27128 1.24489 
1.27496 5.8047 
1.28021 -4.07645 
1.28065 3.14249 
1.27843 -2.10832 
1.27324 -4.58377 
1.2642 -1.1632 
1.25956 1.15632 
1.26123 -5.21433 
1.25732 -4.74741 
1.26164 1.99116 
1.27092 -1.64679 
1.27194 2.93765 
1.26325 0.192075 
1.25779 -3.01718 
1.25278 -1.43097 
1.24889 -3.1338 
1.24273 1.48101 
1.23192 1.77797 
1.22511 2.18672 
1.22414 -4.38688 
1.22379 0.682627 
1.21628 1.13442 
1.20605 -5.2587 
1.19965 4.70696 
1.19461 -1.33105 
1.18643 3.50919 
1.17242 -3.22711 
1.15646 -1.64432 
1.14384 6.71067 
1.1452 10.1861 
1.14502 3.31124 
1.14511 1.19605 
1.15353 -6.66168 
1.14914 2.49079 
1.14647 -0.664892 
1.13868 6.57742 
1.13552 5.95387 
1.13695 -1.64411 
1.13568 2.9176 
1.1451 7.0167 
1.14261 -0.288545 
1.14362 3.49069 
1.14274 -3.41516 
1.13124 -3.48632 
1.13132 1.92787 
1.14834 1.27519 
1.16454 -4.1956 
1.16205 0.923404 
1.15919 -2.46338 
1.16201 3.87589 
1.1662 1.58885 
1.16571 0.058132 
1.16797 -0.561042 
1.16603 -1.02478 
1.16319 -0.634195 
1.1571 4.06318 
1.15733 2.77541 
1.14844 -4.90716 
1.12934 -1.40651 
1.12785 -8.65123 
1.12603 6.28626 
1.12489 0.40073 
1.11697 0.724351 
1.10925 3.1849 
1.10527 2.79109 
1.09279 -3.74495 
1.08923 -1.81702 
1.07984 0.626136 
1.08238 2.79695 
1.08446 -3.16969 
1.0851 1.62146 
1.10291 -1.34915 
1.11621 5.41511 
1.13773 -2.52466 
1.15084 -1.88162 
1.15796 -0.837782 
1.16272 -6.42455 
1.1564 5.46746 
0.0411025 -0.0205513 -0.0212366 0.0106183 -0.00124679 0.000623393 -0.0439244 0.0219622 -0.00351238 0.00175619 -0.0106574 0.0053287 0.00622648 -0.00311324 -0.996444 0.498222 -0.0524329 0.0262165 0.365434 -0.182717 -0.0430407 0.0215204 0.00412055 -0.00206027 -0.0424756 0.0212378 -0.00748668 0.00374334 
0.0408009 -0.0204004 -0.0210785 0.0105393 -0.00124797 0.000623986 -0.043619 0.0218095 -0.00348788 0.00174394 -0.0105824 0.00529118 0.00617318 -0.00308659 -0.986535 0.493268 -0.0519091 0.0259545 0.361802 -0.180901 -0.0426038 0.0213019 0.00407529 -0.00203765 -0.0420491 0.0210245 -0.00741412 0.00370706 
0.0405025 -0.0202513 -0.0209219 0.010461 -0.00124909 0.000624544 -0.0433166 0.0216583 -0.00346356 0.00173178 -0.0105081 0.00525407 0.00612043 -0.00306022 -0.976725 0.488363 -0.0513904 0.0256952 0.358206 -0.179103 -0.0421719 0.0210859 0.00403051 -0.00201525 -0.0416269 0.0208134 -0.00734233 0.00367116 
0.0402056 -0.0201028 -0.0207658 0.0103829 -0.00124954 0.000624768 -0.0430139 0.0215069 -0.00343866 0.00171933 -0.0104334 0.00521668 0.00606791 -0.00303395 -0.967012 0.483506 -0.050877 0.0254385 0.354646 -0.177323 -0.0417448 0.0208724 0.00398621 -0.00199311 -0.041209 0.0206045 -0.00727128 0.00363564 
0.0399137 -0.0199568 -0.0206122 0.0103061 -0.00125039 0.000625194 -0.0427165 0.0213583 -0.00341457 0.00170729 -0.0103603 0.00518016 0.00601607 -0.00300804 -0.957396 0.478698 -0.0503687 0.0251843 0.351122 -0.175561 -0.0413226 0.0206613 0.00394236 -0.00197118 -0.0407953 0.0203977 -0.007201 0.0036005 
0.0396224 -0.0198112 -0.0204583 0.0102292 -0.00124931 0.000624656 -0.0424177 0.0212089 -0.00339 0.001695 -0.0102881 0.00514407 0.00596511 -0.00298256 -0.947875 0.473938 -0.0498654 0.0249327 0.347633 -0.173816 -0.0409049 0.0204525 0.00389889 -0.00194945 -0.040386 0.020193 -0.00713152 0.00356576 
0.0393321 -0.0196661 -0.0203042 0.0101521 -0.00124636 0.000623179 -0.0421173 0.0210586 -0.00336504 0.00168252 -0.0102167 0.00510836 0.00591493 -0.00295747 -0.938449 0.469224 -0.0493671 0.0246836 0.344178 -0.172089 -0.0404918 0.0202459 0.0038558 -0.0019279 -0.039981 0.0199905 -0.00706282 0.00353141 
0.0390514 -0.0195257 -0.0201554 0.0100777 -0.00124667 0.000623337 -0.0418306 0.0209153 -0.00334112 0.00167056 -0.0101468 0.00507339 0.00586522 -0.00293261 -0.929116 0.464558 -0.048874 0.024437 0.340758 -0.170379 -0.0400838 0.0200419 0.00381331 -0.00190666 -0.03958 0.01979 -0.00699476 0.00349738 
0.0387729 -0.0193864 -0.0200064 0.0100032 -0.0012457 0.000622852 -0.041543 0.0207715 -0.00331588 0.00165794 -0.0100765 0.00503823 0.00581602 -0.00290801 -0.919875 0.459937 -0.0483858 0.0241929 0.337372 -0.168686 -0.0396804 0.0198402 0.00377129 -0.00188564 -0.039183 0.0195915 -0.0069274 0.0034637 
0.0384995 -0.0192498 -0.0198601 0.00993007 -0.00124549 0.000622746 -0.0412613 0.0206307 -0.00329142 0.00164571 -0.010008 0.00500398 0.00576762 -0.00288381 -0.910726 0.455363 -0.0479026 0.0239513 0.33402 -0.16701 -0.0392817 0.0196408 0.0037297 -0.00186485 -0.0387901 0.0193951 -0.00686076 0.00343038 
0.0382297 -0.0191149 -0.0197154 0.00985772 -0.00124551 0.000622757 -0.0409833 0.0204917 -0.00326744 0.00163372 -0.00994043 0.00497022 0.00571982 -0.00285991 -0.901666 0.450833 -0.0474242 0.0237121 0.330702 -0.165351 -0.0388873 0.0194437 0.00368855 -0.00184428 -0.0384013 0.0192006 -0.00679482 0.00339741 
0.0379658 -0.0189829 -0.0195727 0.00978633 -0.00124572 0.000622859 -0.0407087 0.0203544 -0.00324415 0.00162207 -0.00987359 0.0049368 0.0056724 -0.0028362 -0.892692 0.446346 -0.0469506 0.0234753 0.327416 -0.163708 -0.0384972 0.0192486 0.00364781 -0.00182391 -0.0380164 0.0190082 -0.00672957 0.00336478 
0.0377045 -0.0188523 -0.0194317 0.00971586 -0.00124652 0.000623262 -0.0404378 0.0202189 -0.0032215 0.00161075 -0.0098075 0.00490375 0.00562541 -0.00281271 -0.883807 0.441904 -0.0464817 0.0232409 0.324163 -0.162081 -0.0381114 0.0190557 0.00360753 -0.00180376 -0.0376356 0.0188178 -0.00666499 0.0033325 
0.0374446 -0.0187223 -0.0192906 0.0096453 -0.00124577 0.000622884 -0.0401642 0.0200821 -0.0031977 0.00159885 -0.00974032 0.00487016 0.00557839 -0.0027892 -0.87501 0.437505 -0.0460176 0.0230088 0.320942 -0.160471 -0.0377301 0.0188651 0.0035677 -0.00178385 -0.0372585 0.0186293 -0.00660107 0.00330054 
0.0371897 -0.0185948 -0.0191516 0.00957582 -0.00124526 0.00062263 -0.0398969 0.0199485 -0.0031745 0.00158725 -0.00967555 0.00483777 0.0055325 -0.00276625 -0.866301 0.43315 -0.0455583 0.0227792 0.317753 -0.158877 -0.0373531 0.0186765 0.00352832 -0.00176416 -0.0368854 0.0184427 -0.00653783 0.00326891 
0.036924 -0.018462 -0.0190078 0.0095039 -0.00124585 0.000622925 -0.0396211 0.0198105 -0.00315099 0.0015755 -0.00960855 0.00480427 0.00548494 -0.00274247 -0.857249 0.428625 -0.0450811 0.0225405 0.31444 -0.15722 -0.0369619 0.018481 0.00348747 -0.00174373 -0.0364978 0.0182489 -0.00647211 0.00323606 
0.0366724 -0.0183362 -0.018871 0.0094355 -0.00124553 0.000622766 -0.0393572 0.0196786 -0.00312802 0.00156401 -0.00954393 0.00477196 0.00543967 -0.00271984 -0.848715 0.424358 -0.0446313 0.0223156 0.311316 -0.155658 -0.0365937 0.0182969 0.00344905 -0.00172453 -0.0361325 0.0180663 -0.00641016 0.00320508 
0.0364251 -0.0182126 -0.0187366 0.00936828 -0.00124542 0.00062271 -0.039098 0.019549 -0.00310564 0.00155282 -0.00948091 0.00474046 0.00539503 -0.00269751 -0.840267 0.420133 -0.0441862 0.0220931 0.308223 -0.154111 -0.0362298 0.0181149 0.00341107 -0.00170554 -0.035771 0.0178855 -0.00634887 0.00317443 
0.0361802 -0.0180901 -0.0186034 0.00930168 -0.00124538 0.00062269 -0.0388423 0.0194211 -0.00308351 0.00154175 -0.00941901 0.0047095 0.00535113 -0.00267556 -0.831902 0.415951 -0.0437456 0.0218728 0.305161 -0.15258 -0.0358701 0.017935 0.00337355 -0.00168677 -0.0354133 0.0177067 -0.00628819 0.0031441 
0.035938 -0.017969 -0.0184721 0.00923603 -0.00124638 0.000623188 -0.0385906 0.0192953 -0.00306224 0.00153112 -0.00935782 0.00467891 0.00530764 -0.00265382 -0.82362 0.41181 -0.0433096 0.0216548 0.302129 -0.151064 -0.0355146 0.0177573 0.0033365 -0.00166825 -0.0350594 0.0175297 -0.00622813 0.00311407 
0.0356965 -0.0178482 -0.0183405 0.00917026 -0.00124572 0.00062286 -0.038336 0.019168 -0.00303981 0.00151991 -0.00929547 0.00464773 0.00526403 -0.00263202 -0.81542 0.40771 -0.042878 0.021439 0.299127 -0.149564 -0.0351633 0.0175816 0.00329993 -0.00164996 -0.0347091 0.0173545 -0.00616867 0.00308433 
0.035459 -0.0177295 -0.0182114 0.00910572 -0.00124592 0.000622962 -0.0380882 0.0190441 -0.00301843 0.00150922 -0.00923544 0.00461772 0.00522143 -0.00261072 -0.807302 0.403651 -0.042451 0.0212255 0.296155 -0.148078 -0.034816 0.017408 0.00326379 -0.0016319 -0.0343625 0.0171812 -0.00610982 0.00305491 
0.0352239 -0.017612 -0.018084 0.00904201 -0.0012468 0.0006234 -0.0378438 0.0189219 -0.00299782 0.00149891 -0.0091761 0.00458805 0.0051792 -0.0025896 -0.799264 0.399632 -0.0420284 0.0210142 0.293213 -0.146606 -0.0344729 0.0172364 0.00322813 -0.00161407 -0.0340196 0.0170098 -0.00605156 0.00302578 
0.0349895 -0.0174947 -0.0179567 0.00897837 -0.00124671 0.000623355 -0.0375976 0.0187988 -0.00297644 0.00148822 -0.00911571 0.00455786 0.00513689 -0.00256844 -0.791306 0.395653 -0.0416101 0.0208051 0.2903 -0.14515 -0.0341338 0.0170669 0.00319295 -0.00159647 -0.0336804 0.0168402 -0.00599388 0.00299694 
0.0347594 -0.0173797 -0.0178317 0.00891583 -0.00124713 0.000623563 -0.0373572 0.0186786 -0.00295591 0.00147795 -0.00905742 0.00452871 0.00509544 -0.00254772 -0.783426 0.391713 -0.0411963 0.0205981 0.287415 -0.143708 -0.0337988 0.0168994 0.00315821 -0.0015791 -0.0333447 0.0166724 -0.0059368 0.0029684 
0.0345309 -0.0172655 -0.0177084 0.00885418 -0.00124836 0.000624181 -0.0371206 0.0185603 -0.00293623 0.00146811 -0.00899992 0.00449996 0.00505441 -0.0025272 -0.775625 0.387813 -0.0407867 0.0203934 0.284559 -0.14228 -0.0334679 0.0167339 0.00312392 -0.00156196 -0.0330127 0.0165064 -0.00588032 0.00294016 
0.0343041 -0.0171521 -0.0175846 0.00879229 -0.00124785 0.000623927 -0.036881 0.0184405 -0.00291513 0.00145757 -0.00894129 0.00447064 0.00501338 -0.00250669 -0.767901 0.38395 -0.0403814 0.0201907 0.281732 -0.140866 -0.0331411 0.0165706 0.00309006 -0.00154503 -0.0326842 0.0163421 -0.00582446 0.00291223 
0.0340809 -0.0170404 -0.0174631 0.00873155 -0.00124813 0.000624067 -0.036648 0.018324 -0.002895 0.0014475 -0.00888498 0.00444249 0.00497336 -0.00248668 -0.760254 0.380127 -0.0399804 0.0199902 0.278933 -0.139466 -0.0328183 0.0164092 0.0030566 -0.0015283 -0.0323592 0.0161796 -0.00576922 0.00288461 
0.03386 -0.01693 -0.0173434 0.00867172 -0.00124951 0.000624755 -0.0364189 0.0182095 -0.00287579 0.00143789 -0.0088294 0.0044147 0.00493373 -0.00246686 -0.752682 0.376341 -0.0395835 0.0197917 0.276162 -0.138081 -0.0324997 0.0162498 0.00302359 -0.0015118 -0.0320377 0.0160188 -0.00571458 0.00285729 
0.0336394 -0.0168197 -0.0172237 0.00861186 -0.00124965 0.000624827 -0.036187 0.0180935 -0.00285574 0.00142787 -0.00877246 0.00438623 0.00489381 -0.0024469 -0.745186 0.372593 -0.0391907 0.0195954 0.273418 -0.136709 -0.032185 0.0160925 0.00299102 -0.00149551 -0.0317197 0.0158598 -0.00566052 0.00283026 
0.0334227 -0.0167114 -0.0171062 0.0085531 -0.00125034 0.00062517 -0.0359613 0.0179807 -0.00283674 0.00141837 -0.00871782 0.00435891 0.00485481 -0.0024274 -0.737763 0.368882 -0.0388021 0.0194011 0.270701 -0.135351 -0.0318742 0.0159371 0.00295885 -0.00147943 -0.0314051 0.0157026 -0.00560707 0.00280353 
0.0332067 -0.0166033 -0.0169891 0.00849455 -0.00125097 0.000625485 -0.0357353 0.0178676 -0.00281745 0.00140873 -0.00866232 0.00433116 0.0048158 -0.0024079 -0.730414 0.365207 -0.0384176 0.0192088 0.268011 -0.134006 -0.0315675 0.0157838 0.00292715 -0.00146357 -0.031094 0.015547 -0.00555417 0.00277709 
0.0329948 -0.0164974 -0.0168739 0.00843693 -0.00125157 0.000625787 -0.0355136 0.0177568 -0.00279861 0.0013993 -0.00860863 0.00430432 0.00477754 -0.00238877 -0.723138 0.361569 -0.0380371 0.0190186 0.265349 -0.132674 -0.0312647 0.0156323 0.00289583 -0.00144792 -0.0307863 0.0153932 -0.00550188 0.00275094 
0.0327752 -0.0163876 -0.0167536 0.0083768 -0.00124768 0.000623842 -0.0352787 0.0176394 -0.00277817 0.00138909 -0.00855409 0.00427704 0.00473996 -0.00236998 -0.715935 0.357967 -0.0376604 0.0188302 0.262712 -0.131356 -0.0309651 0.0154826 0.00286477 -0.00143239 -0.0304823 0.0152412 -0.00545028 0.00272514 
0.0325696 -0.0162848 -0.0166412 0.0083206 -0.00124699 0.000623495 -0.035061 0.0175305 -0.00275932 0.00137966 -0.0085014 0.0042507 0.00470236 -0.00235118 -0.708802 0.354401 -0.037288 0.018644 0.260102 -0.130051 -0.03067 0.015335 0.0028343 -0.00141715 -0.0301814 0.0150907 -0.00539912 0.00269956 
0.032367 -0.0161835 -0.0165295 0.00826473 -0.00124691 0.000623456 -0.0348479 0.017424 -0.00274015 0.00137008 -0.00845034 0.00422517 0.00466601 -0.002333 -0.70174 0.35087 -0.0369195 0.0184598 0.257517 -0.128759 -0.0303788 0.0151894 0.00280424 -0.00140212 -0.0298838 0.0149419 -0.00534854 0.00267427 
0.0321655 -0.0160827 -0.0164177 0.00820886 -0.00124614 0.00062307 -0.0346328 0.0173164 -0.00272009 0.00136004 -0.00839811 0.00419905 0.00462959 -0.0023148 -0.694748 0.347374 -0.0365549 0.0182775 0.254958 -0.127479 -0.0300914 0.0150457 0.00277461 -0.0013873 -0.0295896 0.0147948 -0.00529849 0.00264925 
0.0319672 -0.0159836 -0.0163082 0.0081541 -0.00124639 0.000623196 -0.0344244 0.0172122 -0.00270121 0.0013506 -0.00834818 0.00417409 0.00459412 -0.00229706 -0.687825 0.343913 -0.0361942 0.0180971 0.252425 -0.126212 -0.0298077 0.0149038 0.00274539 -0.0013727 -0.0292987 0.0146494 -0.00524901 0.00262451 
0.0317695 -0.0158847 -0.0161987 0.00809937 -0.00124576 0.000622878 -0.034214 0.017107 -0.0026817 0.00134085 -0.00829711 0.00414856 0.00455846 -0.00227923 -0.680971 0.340486 -0.0358373 0.0179187 0.249916 -0.124958 -0.0295278 0.0147639 0.00271661 -0.0013583 -0.0290111 0.0145056 -0.00520006 0.00260003 
0.0315756 -0.0157878 -0.0160912 0.00804562 -0.00124564 0.000622818 -0.0340091 0.0170045 -0.00266288 0.00133144 -0.00824814 0.00412407 0.00452372 -0.00226186 -0.674185 0.337092 -0.0354843 0.0177421 0.247432 -0.123716 -0.0292516 0.0146258 0.00268822 -0.00134411 -0.0287268 0.0143634 -0.00515166 0.00257583 
0.0313816 -0.0156908 -0.0159841 0.00799204 -0.00124537 0.000622685 -0.0338035 0.0169017 -0.00264395 0.00132197 -0.00819825 0.00409912 0.00448886 -0.00224443 -0.667466 0.333733 -0.035135 0.0175675 0.244973 -0.122487 -0.0289791 0.0144895 0.00266027 -0.00133014 -0.0284458 0.0142229 -0.00510378 0.00255189 
0.031192 -0.015596 -0.0158786 0.00793931 -0.00124504 0.000622521 -0.0336023 0.0168011 -0.00262528 0.00131264 -0.00815022 0.00407511 0.0044548 -0.0022274 -0.660813 0.330407 -0.0347895 0.0173947 0.242538 -0.121269 -0.0287101 0.0143551 0.00263271 -0.00131636 -0.028168 0.014084 -0.00505644 0.00252822 
0.0310023 -0.0155011 -0.0157732 0.00788658 -0.00124529 0.000622646 -0.0334019 0.0167009 -0.00260643 0.00130321 -0.00810187 0.00405093 0.00442105 -0.00221053 -0.654226 0.327113 -0.0344476 0.0172238 0.240127 -0.120064 -0.0284449 0.0142225 0.00260558 -0.00130279 -0.0278934 0.0139467 -0.00500962 0.00250481 
0.0308163 -0.0154082 -0.0156703 0.00783516 -0.00124484 0.000622419 -0.0332042 0.0166021 -0.00258848 0.00129424 -0.0080544 0.0040272 0.00438738 -0.00219369 -0.647705 0.323852 -0.0341095 0.0170548 0.23774 -0.11887 -0.0281832 0.0140916 0.00257885 -0.00128942 -0.027622 0.013811 -0.00496332 0.00248166 
0.0306318 -0.0153159 -0.0155685 0.00778427 -0.00124563 0.000622817 -0.033011 0.0165055 -0.00257114 0.00128557 -0.00800817 0.00400408 0.00435445 -0.00217722 -0.641248 0.320624 -0.033775 0.0168875 0.235377 -0.117688 -0.0279251 0.0139626 0.00255253 -0.00127626 -0.0273538 0.0136769 -0.00491753 0.00245877 
0.0304476 -0.0152238 -0.0154666 0.00773331 -0.0012453 0.000622651 -0.0328146 0.0164073 -0.002553 0.0012765 -0.00796045 0.00398022 0.00432114 -0.00216057 -0.634855 0.317427 -0.0334441 0.016722 0.233037 -0.116518 -0.0276705 0.0138353 0.00252661 -0.00126331 -0.0270887 0.0135444 -0.00487224 0.00243612 
0.0302669 -0.0151335 -0.0153669 0.00768346 -0.00124604 0.000623018 -0.032625 0.0163125 -0.00253618 0.00126809 -0.00791506 0.00395753 0.00428872 -0.00214436 -0.628525 0.314262 -0.0331168 0.0165584 0.23072 -0.11536 -0.0274195 0.0137097 0.0025011 -0.00125055 -0.0268268 0.0134134 -0.00482747 0.00241374 
0.0300864 -0.0150432 -0.015267 0.00763349 -0.00124568 0.00062284 -0.0324325 0.0162163 -0.00251837 0.00125919 -0.00786831 0.00393415 0.00425608 -0.00212804 -0.622258 0.311129 -0.032793 0.0163965 0.228425 -0.114213 -0.0271719 0.0135859 0.00247599 -0.001238 -0.026568 0.013284 -0.00478318 0.00239159 
0.0299091 -0.0149545 -0.0151693 0.00758466 -0.00124645 0.000623226 -0.0322469 0.0161234 -0.00250187 0.00125094 -0.00782391 0.00391196 0.00422436 -0.00211218 -0.616053 0.308026 -0.0324727 0.0162364 0.226154 -0.113077 -0.0269276 0.0134638 0.00245126 -0.00122563 -0.0263122 0.0131561 -0.0047394 0.0023697 
0.0297326 -0.0148663 -0.0150714 0.0075357 -0.00124627 0.000623134 -0.0320583 0.0160292 -0.00248449 0.00124224 -0.0077781 0.00388905 0.00419238 -0.00209619 -0.609909 0.304954 -0.032156 0.016078 0.223904 -0.111952 -0.0266869 0.0133434 0.00242695 -0.00121348 -0.0260595 0.0130298 -0.00469609 0.00234804 
0.0295569 -0.0147785 -0.0149743 0.00748715 -0.00124684 0.000623421 -0.0318734 0.0159367 -0.00246752 0.00123376 -0.00773341 0.0038667 0.00416103 -0.00208052 -0.603826 0.301913 -0.0318426 0.0159213 0.221677 -0.110839 -0.0264495 0.0132248 0.00240303 -0.00120152 -0.0258099 0.0129049 -0.00465327 0.00232663 
0.0293855 -0.0146928 -0.0148796 0.00743979 -0.00124651 0.000623253 -0.0316911 0.0158456 -0.0024511 0.00122555 -0.00768972 0.00384486 0.00412994 -0.00206497 -0.597803 0.298902 -0.0315327 0.0157664 0.219472 -0.109736 -0.0262154 0.0131077 0.00237947 -0.00118974 -0.0255632 0.0127816 -0.00461093 0.00230547 
0.0292141 -0.014607 -0.0147844 0.00739219 -0.00124736 0.000623679 -0.0315104 0.0157552 -0.00243438 0.00121719 -0.00764608 0.00382304 0.0040994 -0.0020497 -0.59184 0.29592 -0.0312261 0.0156131 0.217289 -0.108644 -0.0259847 0.0129923 0.00235633 -0.00117816 -0.0253196 0.0126598 -0.00456907 0.00228453 
0.0290462 -0.0145231 -0.0146919 0.00734593 -0.0012476 0.000623801 -0.0313324 0.0156662 -0.0024187 0.00120935 -0.00760325 0.00380162 0.00406885 -0.00203442 -0.585935 0.292968 -0.030923 0.0154615 0.215127 -0.107563 -0.0257572 0.0128786 0.00233354 -0.00116677 -0.0250789 0.0125394 -0.00452767 0.00226384 
0.0288773 -0.0144386 -0.014599 0.00729948 -0.00124808 0.000624042 -0.0311545 0.0155773 -0.00240272 0.00120136 -0.00756011 0.00378005 0.00403856 -0.00201928 -0.58009 0.290045 -0.0306231 0.0153116 0.212986 -0.106493 -0.025533 0.0127665 0.00231117 -0.00115558 -0.0248411 0.0124206 -0.00448673 0.00224337 
0.0287126 -0.0143563 -0.0145082 0.00725409 -0.00124896 0.00062448 -0.0309808 0.0154904 -0.00238746 0.00119373 -0.00751837 0.00375919 0.0040087 -0.00200435 -0.574302 0.287151 -0.0303266 0.0151633 0.210866 -0.105433 -0.025312 0.012656 0.00228914 -0.00114457 -0.0246063 0.0123031 -0.00444628 0.00222314 
0.0285472 -0.0142736 -0.0144174 0.00720869 -0.00124946 0.000624732 -0.030806 0.015403 -0.00237193 0.00118596 -0.00747577 0.00373788 0.00397876 -0.00198938 -0.568571 0.284286 -0.0300333 0.0150166 0.208767 -0.104384 -0.0250942 0.0125471 0.0022675 -0.00113375 -0.0243744 0.0121872 -0.00440626 0.00220313 
0.0283859 -0.0141929 -0.014328 0.00716399 -0.00124989 0.000624946 -0.0306358 0.0153179 -0.00235663 0.00117831 -0.00743524 0.00371762 0.00394978 -0.00197489 -0.562897 0.281449 -0.0297432 0.0148716 0.206689 -0.103345 -0.0248795 0.0124398 0.00224622 -0.00112311 -0.0241453 0.0120726 -0.00436671 0.00218335 
0.0282246 -0.0141123 -0.0142389 0.00711946 -0.00125053 0.000625265 -0.0304646 0.0152323 -0.0023412 0.0011706 -0.00739354 0.00369677 0.00392058 -0.00196029 -0.557279 0.27864 -0.0294563 0.0147282 0.204631 -0.102316 -0.024668 0.012334 0.00222533 -0.00111266 -0.0239191 0.0119595 -0.00432759 0.0021638 
0.0280663 -0.0140331 -0.0141516 0.00707581 -0.00125154 0.000625771 -0.0302986 0.0151493 -0.00232661 0.00116331 -0.00735394 0.00367697 0.00389217 -0.00194609 -0.551717 0.275858 -0.0291726 0.0145863 0.202594 -0.101297 -0.0244596 0.0122298 0.00220477 -0.00110239 -0.0236957 0.0118479 -0.00428894 0.00214447 
0.0278998 -0.0139499 -0.0140586 0.00702928 -0.00124633 0.000623165 -0.0301155 0.0150578 -0.00230958 0.00115479 -0.00731239 0.00365619 0.00386392 -0.00193196 -0.546211 0.273105 -0.028892 0.014446 0.200576 -0.100288 -0.0242538 0.0121269 0.0021844 -0.0010922 -0.0234753 0.0117376 -0.00425087 0.00212544 
0.0277456 -0.0138728 -0.0139718 0.00698591 -0.00124548 0.000622738 -0.0299498 0.0149749 -0.00229357 0.00114679 -0.00727273 0.00363636 0.00383613 -0.00191807 -0.540758 0.270379 -0.0286146 0.0143073 0.198579 -0.0992893 -0.0240514 0.0120257 0.00216456 -0.00108228 -0.0232574 0.0116287 -0.00421309 0.00210655 
0.0275962 -0.0137981 -0.013887 0.00694352 -0.00124527 0.000622633 -0.0297891 0.0148946 -0.00227783 0.00113892 -0.00723477 0.00361739 0.00380918 -0.00190459 -0.535359 0.267679 -0.0283403 0.0141701 0.196601 -0.0983003 -0.0238521 0.0119261 0.00214504 -0.00107252 -0.0230423 0.0115212 -0.00417576 0.00208788 
0.0274456 -0.0137228 -0.0138023 0.00690114 -0.0012451 0.00062255 -0.0296275 0.0148138 -0.00226202 0.00113101 -0.0071959 0.00359795 0.00378212 -0.00189106 -0.530014 0.265007 -0.0280689 0.0140345 0.194642 -0.0973209 -0.0236558 0.0118279 0.00212592 -0.00106296 -0.02283 0.011415 -0.00413884 0.00206942 
0.0272985 -0.0136492 -0.0137193 0.00685966 -0.00124549 0.000622746 -0.029471 0.0147355 -0.00224705 0.00112352 -0.00715896 0.00357948 0.00375578 -0.00187789 -0.524721 0.262361 -0.0278006 0.0139003 0.192702 -0.0963512 -0.0234624 0.0117312 0.00210711 -0.00105356 -0.0226203 0.0113102 -0.00410236 0.00205118 
0.0271514 -0.0135757 -0.0136361 0.00681805 -0.00124505 0.000622526 -0.0293119 0.014656 -0.00223139 0.0011157 -0.00712071 0.00356035 0.00372916 -0.00186458 -0.519481 0.25974 -0.0275354 0.0137677 0.190782 -0.095391 -0.023272 0.011636 0.00208869 -0.00104434 -0.0224133 0.0112067 -0.00406629 0.00203314 
0.0270053 -0.0135027 -0.0135535 0.00677673 -0.00124535 0.000622676 -0.029156 0.014578 -0.00221602 0.00110801 -0.00708344 0.00354172 0.00370316 -0.00185158 -0.514292 0.257146 -0.027273 0.0136365 0.18888 -0.0944402 -0.0230844 0.0115422 0.00207059 -0.0010353 -0.0222091 0.0111045 -0.00403064 0.00201532 
0.0268626 -0.0134313 -0.0134735 0.00673674 -0.00124537 0.000622683 -0.029003 0.0145015 -0.00220179 0.0011009 -0.00704704 0.00352352 0.00367717 -0.00183858 -0.509155 0.254578 -0.0270136 0.0135068 0.186998 -0.0934988 -0.0228996 0.0114498 0.00205282 -0.00102641 -0.0220073 0.0110037 -0.0039954 0.0019977 
0.0267195 -0.0133597 -0.0133929 0.00669646 -0.00124522 0.00062261 -0.0288491 0.0144246 -0.00218692 0.00109346 -0.00701 0.003505 0.00365131 -0.00182566 -0.504069 0.252034 -0.0267571 0.0133785 0.185133 -0.0925665 -0.0227177 0.0113589 0.00203541 -0.0010177 -0.0218082 0.0109041 -0.00396057 0.00198029 
0.0265794 -0.0132897 -0.0133143 0.00665715 -0.00124594 0.000622972 -0.0287007 0.0143503 -0.00217301 0.0010865 -0.00697493 0.00348746 0.00362621 -0.0018131 -0.499033 0.249516 -0.0265035 0.0132517 0.183287 -0.0916435 -0.0225385 0.0112693 0.00201829 -0.00100914 -0.0216117 0.0108058 -0.00392617 0.00196308 
0.0264396 -0.0132198 -0.0132351 0.00661756 -0.00124547 0.000622735 -0.0285492 0.0142746 -0.00215806 0.00107903 -0.00693852 0.00346926 0.00360088 -0.00180044 -0.494046 0.247023 -0.0262527 0.0131263 0.181459 -0.0907295 -0.0223622 0.0111811 0.00200153 -0.00100076 -0.0214176 0.0107088 -0.00389215 0.00194608 
0.0263005 -0.0131503 -0.0131569 0.00657846 -0.00124543 0.000622715 -0.0284001 0.0142 -0.0021437 0.00107185 -0.00690269 0.00345135 0.00357586 -0.00178793 -0.48911 0.244555 -0.0260047 0.0130024 0.179649 -0.0898244 -0.0221886 0.0110943 0.0019851 -0.000992552 -0.0212262 0.0106131 -0.00385853 0.00192927 
0.0261653 -0.0130827 -0.0130806 0.00654029 -0.00124618 0.000623091 -0.0282559 0.0141279 -0.0021301 0.00106505 -0.00686863 0.00343432 0.0035515 -0.00177575 -0.484221 0.242111 -0.0257596 0.0128798 0.177857 -0.0889283 -0.0220176 0.0110088 0.00196898 -0.000984488 -0.0210372 0.0105186 -0.00382534 0.00191267 
0.0260291 -0.0130146 -0.0130041 0.00650207 -0.00124637 0.000623184 -0.0281095 0.0140547 -0.00211617 0.00105809 -0.00683324 0.00341662 0.00352676 -0.00176338 -0.479381 0.239691 -0.0255172 0.0127586 0.176082 -0.088041 -0.0218494 0.0109247 0.00195319 -0.000976597 -0.0208506 0.0104253 -0.00379251 0.00189626 
0.0258938 -0.0129469 -0.0129282 0.0064641 -0.00124641 0.000623207 -0.0279649 0.0139824 -0.00210237 0.00105119 -0.00679857 0.00339928 0.00350248 -0.00175124 -0.474589 0.237295 -0.0252775 0.0126387 0.174325 -0.0871624 -0.0216837 0.0108418 0.00193773 -0.000968863 -0.0206665 0.0103333 -0.00376009 0.00188004 
0.0257626 -0.0128813 -0.012854 0.006427 -0.00124658 0.000623291 -0.0278242 0.0139121 -0.00208887 0.00104444 -0.0067654 0.0033827 0.00347878 -0.00173939 -0.469845 0.234923 -0.0250406 0.0125203 0.172585 -0.0862924 -0.0215206 0.0107603 0.00192254 -0.000961272 -0.0204848 0.0102424 -0.00372808 0.00186404 
0.0256309 -0.0128155 -0.0127797 0.00638986 -0.00124682 0.00062341 -0.0276825 0.0138412 -0.00207512 0.00103756 -0.00673127 0.00336563 0.00345501 -0.00172751 -0.465148 0.232574 -0.0248063 0.0124031 0.170862 -0.0854311 -0.0213601 0.0106801 0.00190768 -0.000953842 -0.0203054 0.0101527 -0.00369644 0.00184822 
0.0255005 -0.0127503 -0.0127056 0.00635281 -0.00124726 0.00062363 -0.0275427 0.0137714 -0.00206132 0.00103066 -0.00669796 0.00334898 0.00343178 -0.00171589 -0.460496 0.230248 -0.0245746 0.0122873 0.169156 -0.0845782 -0.0212022 0.0106011 0.00189314 -0.000946568 -0.0201284 0.0100642 -0.0036652 0.0018326 
0.0253731 -0.0126866 -0.0126341 0.00631705 -0.00124754 0.00062377 -0.0274063 0.0137032 -0.00204859 0.0010243 -0.00666561 0.0033328 0.00340866 -0.00170433 -0.455891 0.227946 -0.0243457 0.0121728 0.167467 -0.0837337 -0.0210468 0.0105234 0.00187888 -0.000939442 -0.0199537 0.00997683 -0.00363434 0.00181717 
0.0252445 -0.0126222 -0.0125624 0.00628119 -0.0012483 0.000624151 -0.0272693 0.0136346 -0.00203589 0.00101794 -0.00663239 0.0033162 0.00338537 -0.00169269 -0.451332 0.225666 -0.0241192 0.0120596 0.165795 -0.0828976 -0.0208938 0.0104469 0.00186494 -0.000932471 -0.0197812 0.0098906 -0.00360387 0.00180194 
0.0251192 -0.0125596 -0.0124922 0.00624611 -0.00124934 0.000624669 -0.0271367 0.0135684 -0.0020239 0.00101195 -0.00660108 0.00330054 0.00336276 -0.00168138 -0.446817 0.223409 -0.0238954 0.0119477 0.16414 -0.0820698 -0.0207432 0.0103716 0.00185129 -0.000925643 -0.0196109 0.00980547 -0.0035738 0.0017869 
0.0249935 -0.0124968 -0.0124214 0.0062107 -0.00124911 0.000624557 -0.0270008 0.0135004 -0.00201076 0.00100538 -0.00656837 0.00328419 0.00333994 -0.00166997 -0.442348 0.221174 -0.0236742 0.0118371 0.1625 -0.0812502 -0.0205951 0.0102975 0.00183793 -0.000918966 -0.0194428 0.00972141 -0.0035441 0.00177205 
0.0248693 -0.0124346 -0.0123517 0.00617587 -0.00124987 0.000624937 -0.0268679 0.0134339 -0.00199834 0.00099917 -0.00653621 0.00326811 0.00331743 -0.00165871 -0.437922 0.218961 -0.0234554 0.0117277 0.160878 -0.0804388 -0.0204493 0.0102247 0.00182487 -0.000912433 -0.0192769 0.00963844 -0.0035148 0.0017574 
0.0247474 -0.0123737 -0.0122837 0.00614184 -0.00125099 0.000625494 -0.0267395 0.0133697 -0.00198669 0.000993347 -0.00650593 0.00325297 0.00329556 -0.00164778 -0.43354 0.21677 -0.0232391 0.0116196 0.159271 -0.0796355 -0.0203058 0.0101529 0.00181208 -0.000906038 -0.019113 0.0095565 -0.00348589 0.00174295 
0.0246258 -0.0123129 -0.012215 0.00610751 -0.00125094 0.000625468 -0.0266077 0.0133038 -0.00197403 0.000987014 -0.00647419 0.0032371 0.00327342 -0.00163671 -0.429202 0.214601 -0.0230253 0.0115127 0.15768 -0.0788402 -0.0201646 0.0100823 0.00179957 -0.000899785 -0.0189512 0.00947558 -0.00345737 0.00172869 
0.0244991 -0.0122496 -0.0121441 0.00607205 -0.00125167 0.000625836 -0.0264722 0.0132361 -0.00196141 0.000980703 -0.00644146 0.00322073 0.00325044 -0.00162522 -0.424693 0.212346 -0.0228034 0.0114017 0.156027 -0.0780137 -0.0200189 0.0100094 0.00178675 -0.000893377 -0.0187834 0.00939169 -0.00342785 0.00171392 
0.0243766 -0.0121883 -0.0120742 0.00603711 -0.00124715 0.000623577 -0.0263363 0.0131682 -0.0019481 0.000974052 -0.00641182 0.00320591 0.00323058 -0.00161529 -0.420655 0.210327 -0.0226049 0.0113024 0.154547 -0.0772736 -0.0198885 0.00994426 0.0017752 -0.0008876 -0.0186336 0.00931678 -0.00340168 0.00170084 
0.0242616 -0.0121308 -0.012009 0.00600449 -0.00124676 0.000623379 -0.026212 0.013106 -0.00193619 0.000968096 -0.00638258 0.00319129 0.00320955 -0.00160477 -0.416444 0.208222 -0.0223986 0.0111993 0.153004 -0.0765021 -0.0197542 0.00987711 0.00176357 -0.000881785 -0.0184775 0.00923877 -0.00337437 0.00168718 
0.0241483 -0.0120742 -0.0119431 0.00597155 -0.00124603 0.000623013 -0.0260869 0.0130435 -0.00192295 0.000961475 -0.00635288 0.00317644 0.00318897 -0.00159449 -0.412275 0.206138 -0.0221945 0.0110972 0.151477 -0.0757385 -0.019622 0.00981098 0.00175215 -0.000876076 -0.0183234 0.00916169 -0.00334747 0.00167373 
0.0240352 -0.0120176 -0.0118778 0.00593888 -0.00124574 0.000622869 -0.0259642 0.0129821 -0.00190997 0.000954984 -0.00632391 0.00316195 0.00316893 -0.00158447 -0.408148 0.204074 -0.0219926 0.0109963 0.149965 -0.0749826 -0.0194918 0.0097459 0.00174099 -0.000870497 -0.018171 0.0090855 -0.00332098 0.00166049 
0.023926 -0.011963 -0.0118143 0.00590716 -0.00124591 0.000622953 -0.0258453 0.0129227 -0.00189773 0.000948867 -0.00629626 0.00314813 0.00314921 -0.0015746 -0.404061 0.20203 -0.0217932 0.0108966 0.148469 -0.0742345 -0.0193638 0.00968191 0.00173009 -0.000865046 -0.0180204 0.0090102 -0.00329493 0.00164747 
0.0238161 -0.011908 -0.0117503 0.00587515 -0.00124521 0.000622607 -0.0257241 0.012862 -0.00188463 0.000942314 -0.00626753 0.00313377 0.00312942 -0.00156471 -0.400015 0.200007 -0.021596 0.010798 0.146988 -0.0734941 -0.0192379 0.00961896 0.00171945 -0.000859726 -0.0178715 0.00893575 -0.0032693 0.00163465 
0.0237067 -0.0118533 -0.0116871 0.00584356 -0.00124526 0.000622632 -0.0256051 0.0128026 -0.00187225 0.000936127 -0.00623926 0.00311963 0.00310986 -0.00155493 -0.396009 0.198004 -0.0214012 0.0107006 0.145523 -0.0727614 -0.0191142 0.00955711 0.0017091 -0.000854552 -0.0177243 0.00886215 -0.0032441 0.00162205 
0.0236001 -0.0118001 -0.0116259 0.00581293 -0.00124611 0.000623053 -0.0254906 0.0127453 -0.00186094 0.000930468 -0.00621257 0.00310629 0.0030907 -0.00154535 -0.392042 0.196021 -0.0212086 0.0106043 0.144072 -0.0720362 -0.0189925 0.00949626 0.00169897 -0.000849487 -0.0175787 0.00878935 -0.00321937 0.00160968 
0.0234925 -0.0117463 -0.0115638 0.00578192 -0.00124556 0.000622782 -0.0253726 0.0126863 -0.00184862 0.000924312 -0.00618446 0.00309223 0.00307122 -0.00153561 -0.388115 0.194058 -0.0210183 0.0105092 0.142637 -0.0713186 -0.018873 0.0094365 0.00168913 -0.000844565 -0.0174347 0.00871735 -0.00319507 0.00159753 
0.0233865 -0.0116932 -0.0115027 0.00575134 -0.00124563 0.000622814 -0.0252567 0.0126283 -0.00183672 0.00091836 -0.00615679 0.00307839 0.00305203 -0.00152601 -0.384227 0.192114 -0.0208302 0.0104151 0.141217 -0.0706086 -0.0187556 0.00937779 0.00167954 -0.000839768 -0.0172923 0.00864615 -0.00317124 0.00158562 
0.0232805 -0.0116403 -0.0114419 0.00572096 -0.00124555 0.000622773 -0.0251421 0.0125711 -0.00182495 0.000912476 -0.00612962 0.00306481 0.00303315 -0.00151658 -0.380378 0.190189 -0.0206444 0.0103222 0.139812 -0.069906 -0.0186402 0.00932012 0.0016702 -0.000835098 -0.0171514 0.0085757 -0.0031479 0.00157395 
0.0231785 -0.0115892 -0.011383 0.00569149 -0.001246 0.000623 -0.0250315 0.0125158 -0.00181387 0.000906933 -0.00610389 0.00305194 0.00301471 -0.00150735 -0.376567 0.188283 -0.020461 0.0102305 0.138422 -0.0692108 -0.0185271 0.00926356 0.0016611 -0.000830552 -0.017012 0.00850601 -0.00312506 0.00156253 
0.023071 -0.0115355 -0.0113207 0.00566033 -0.00124598 0.000622989 -0.0249135 0.0124568 -0.0018016 0.000900801 -0.00607584 0.00303792 0.00299526 -0.00149763 -0.372605 0.186302 -0.0202707 0.0101353 0.136978 -0.0684889 -0.0184106 0.00920532 0.00165183 -0.000825915 -0.0168672 0.00843362 -0.00310162 0.00155081 
0.0229686 -0.0114843 -0.0112619 0.00563095 -0.00124595 0.000622975 -0.024802 0.012401 -0.00179016 0.000895078 -0.00604924 0.00302462 0.00297681 -0.00148841 -0.368871 0.184435 -0.0200917 0.0100459 0.135618 -0.0678089 -0.018302 0.00915099 0.00164327 -0.000821634 -0.0167308 0.00836542 -0.00307984 0.00153992 
0.0228674 -0.0114337 -0.0112034 0.00560168 -0.00124574 0.000622868 -0.0246917 0.0123459 -0.00177866 0.000889331 -0.00602321 0.00301161 0.00295878 -0.00147939 -0.365173 0.182587 -0.0199151 0.00995755 0.134272 -0.0671362 -0.0181956 0.00909781 0.00163498 -0.00081749 -0.0165959 0.00829793 -0.00305861 0.0015293 
0.0227696 -0.0113848 -0.011147 0.00557349 -0.00124667 0.000623335 -0.0245862 0.0122931 -0.00176818 0.000884092 -0.00599861 0.0029993 0.00294115 -0.00147058 -0.361513 0.180756 -0.0197407 0.00987037 0.132942 -0.0664708 -0.0180916 0.00904581 0.00162692 -0.000813461 -0.0164623 0.00823114 -0.00303799 0.00151899 
0.0226707 -0.0113354 -0.01109 0.00554499 -0.0012467 0.000623349 -0.0244777 0.0122388 -0.00175711 0.000878555 -0.00597269 0.00298634 0.00292318 -0.00146159 -0.357888 0.178944 -0.0195687 0.00978434 0.131626 -0.0658128 -0.01799 0.00899502 0.00161915 -0.000809573 -0.01633 0.00816502 -0.00301798 0.00150899 
0.0225675 -0.0112838 -0.011031 0.00551551 -0.00124703 0.000623514 -0.0243656 0.0121828 -0.00174592 0.000872962 -0.00594596 0.00297298 0.00290453 -0.00145226 -0.354121 0.17706 -0.0193905 0.00969526 0.13026 -0.0651298 -0.0178862 0.00894309 0.00161128 -0.000805638 -0.0161926 0.00809632 -0.00299772 0.00149886 
0.02247 -0.011235 -0.0109751 0.00548757 -0.00124736 0.000623679 -0.02426 0.01213 -0.00173538 0.00086769 -0.00592086 0.00296043 0.00288703 -0.00144352 -0.350569 0.175285 -0.0192234 0.0096117 0.128974 -0.0644869 -0.0177902 0.00889512 0.0016041 -0.000802052 -0.0160631 0.00803156 -0.0029792 0.0014896 
0.0223755 -0.0111878 -0.0109214 0.00546069 -0.00124858 0.000624288 -0.0241585 0.0120793 -0.00172587 0.000862934 -0.00589711 0.00294855 0.00286984 -0.00143492 -0.347052 0.173526 -0.0190589 0.00952943 0.127703 -0.0638515 -0.0176975 0.00884877 0.00159721 -0.000798603 -0.0159349 0.00796745 -0.0029616 0.0014808 
0.0222811 -0.0111405 -0.0108668 0.00543342 -0.00124825 0.000624125 -0.0240537 0.0120268 -0.0017151 0.000857548 -0.00587217 0.00293609 0.00285254 -0.00142627 -0.34357 0.171785 -0.0188976 0.0094488 0.126447 -0.0632235 -0.0176081 0.00880405 0.00159106 -0.000795528 -0.015808 0.007904 -0.00294477 0.00147239 
0.0221878 -0.0110939 -0.0108131 0.00540655 -0.00124818 0.000624089 -0.0239504 0.0119752 -0.00170452 0.00085226 -0.00584763 0.00292382 0.00283551 -0.00141776 -0.340122 0.170061 -0.0187395 0.00936973 0.125206 -0.0626029 -0.017523 0.00876148 0.00158536 -0.000792678 -0.0156829 0.00784145 -0.00292911 0.00146456 
0.0220947 -0.0110474 -0.0107601 0.00538004 -0.00124883 0.000624417 -0.0238492 0.0119246 -0.00169452 0.00084726 -0.00582356 0.00291178 0.00281873 -0.00140936 -0.336707 0.168354 -0.018584 0.009292 0.123979 -0.0619897 -0.0174428 0.00872141 0.00157973 -0.000789866 -0.0155601 0.00778005 -0.00291487 0.00145743 
0.0220045 -0.0110022 -0.010709 0.00535451 -0.00124996 0.000624978 -0.0237516 0.0118758 -0.0016855 0.00084275 -0.00580073 0.00290036 0.00280208 -0.00140104 -0.333325 0.166662 -0.0184314 0.00921572 0.122768 -0.0613839 -0.0173684 0.0086842 0.0015741 -0.000787051 -0.0154396 0.00771982 -0.00290221 0.0014511 
0.0219132 -0.0109566 -0.0106574 0.00532872 -0.00125065 0.000625323 -0.0236514 0.0118257 -0.001676 0.000838001 -0.00577659 0.00288829 0.00278512 -0.00139256 -0.329975 0.164987 -0.0182801 0.00914006 0.121568 -0.0607839 -0.0172986 0.00864931 0.00156763 -0.000783815 -0.0153234 0.00766171 -0.00289103 0.00144552 
0.0218228 -0.0109114 -0.0106064 0.00530318 -0.00125096 0.000625478 -0.023552 0.011776 -0.00166653 0.000833267 -0.00575269 0.00287634 0.0027683 -0.00138415 -0.326659 0.163329 -0.018131 0.00906548 0.120379 -0.0601893 -0.017228 0.00861399 0.00156212 -0.000781061 -0.015208 0.00760399 -0.00287908 0.00143954 
0.0217271 -0.0108635 -0.0105517 0.00527583 -0.00124769 0.000623845 -0.0234432 0.0117216 -0.00165618 0.000828089 -0.00572881 0.0028644 0.00275212 -0.00137606 -0.323375 0.161687 -0.0179825 0.00899126 0.1192 -0.0596002 -0.0171597 0.00857986 0.00155568 -0.000777842 -0.0150961 0.00754807 -0.00286819 0.0014341 
0.0216391 -0.0108196 -0.0104997 0.00524986 -0.00124674 0.000623368 -0.0233435 0.0116717 -0.00164587 0.000822936 -0.0057059 0.00285295 0.00273619 -0.0013681 -0.320121 0.160061 -0.0178365 0.00891825 0.118035 -0.0590175 -0.0170948 0.00854741 0.00154948 -0.000774741 -0.0149859 0.00749296 -0.00285791 0.00142896 
0.0215561 -0.010778 -0.0104518 0.00522592 -0.00124683 0.000623413 -0.0232513 0.0116256 -0.00163674 0.000818372 -0.00568454 0.00284227 0.00272063 -0.00136032 -0.316902 0.158451 -0.017693 0.0088465 0.116881 -0.0584405 -0.0170306 0.00851532 0.00154428 -0.000772138 -0.0148765 0.00743824 -0.00284725 0.00142363 
0.021473 -0.0107365 -0.0104027 0.00520134 -0.00124643 0.000623215 -0.0231567 0.0115784 -0.00162649 0.000813246 -0.00566222 0.00283111 0.00270512 -0.00135256 -0.313713 0.156857 -0.01755 0.00877498 0.115737 -0.0578683 -0.016968 0.00848401 0.00153833 -0.000769167 -0.0147706 0.00738528 -0.00283719 0.00141859 
0.0213906 -0.0106953 -0.0103539 0.00517695 -0.0012459 0.000622952 -0.0230631 0.0115316 -0.0016161 0.000808052 -0.00564025 0.00282013 0.0026899 -0.00134495 -0.310557 0.155278 -0.0174088 0.00870439 0.114604 -0.0573018 -0.0169076 0.00845382 0.00153247 -0.000766235 -0.0146666 0.00733329 -0.00282759 0.0014138 
0.0213083 -0.0106542 -0.0103058 0.00515288 -0.00124603 0.000623015 -0.0229716 0.0114858 -0.00160616 0.000803079 -0.00561873 0.00280936 0.00267499 -0.0013375 -0.307431 0.153715 -0.0172694 0.00863472 0.113482 -0.0567411 -0.0168498 0.00842492 0.00152667 -0.000763333 -0.0145646 0.00728229 -0.00281856 0.00140928 
0.0212268 -0.0106134 -0.0102581 0.00512905 -0.00124605 0.000623023 -0.0228803 0.0114402 -0.00159639 0.000798195 -0.00559722 0.00279861 0.00266002 -0.00133001 -0.304335 0.152168 -0.0171319 0.00856594 0.112372 -0.056186 -0.0167942 0.00839712 0.00152088 -0.000760442 -0.0144645 0.00723226 -0.00281002 0.00140501 
0.0211491 -0.0105745 -0.0102119 0.00510596 -0.00124635 0.000623174 -0.0227932 0.0113966 -0.00158709 0.000793545 -0.00557737 0.00278868 0.00264565 -0.00132283 -0.30127 0.150635 -0.0169947 0.00849733 0.111271 -0.0556354 -0.0167395 0.00836976 0.00151427 -0.000757133 -0.0143676 0.00718382 -0.00280198 0.00140099 
0.02107 -0.010535 -0.0101649 0.00508247 -0.00124583 0.000622915 -0.0227031 0.0113516 -0.00157694 0.000788469 -0.00555627 0.00277814 0.00263111 -0.00131555 -0.298236 0.149118 -0.01686 0.00843001 0.110181 -0.0550903 -0.016686 0.00834301 0.00150879 -0.000754396 -0.0142719 0.00713593 -0.00279367 0.00139684 
0.0209917 -0.0104959 -0.0101185 0.00505926 -0.00124553 0.000622764 -0.0226145 0.0113073 -0.00156691 0.000783453 -0.00553553 0.00276777 0.00261683 -0.00130842 -0.295231 0.147615 -0.0167274 0.00836371 0.109102 -0.0545512 -0.0166357 0.00831787 0.00150324 -0.00075162 -0.0141776 0.00708882 -0.00278617 0.00139308 
0.020914 -0.010457 -0.0100726 0.0050363 -0.00124563 0.000622814 -0.0225271 0.0112635 -0.00155737 0.000778683 -0.005515 0.0027575 0.00260263 -0.00130132 -0.292254 0.146127 -0.0165953 0.00829763 0.108034 -0.0540168 -0.0165874 0.00829369 0.00149679 -0.000748395 -0.0140866 0.00704329 -0.00277944 0.00138972 
0.0208366 -0.0104183 -0.0100268 0.00501342 -0.0012461 0.00062305 -0.0224408 0.0112204 -0.00154776 0.000773882 -0.00549487 0.00274744 0.00258868 -0.00129434 -0.289309 0.144654 -0.0164655 0.00823276 0.106975 -0.0534875 -0.0165395 0.00826976 0.00149151 -0.000745753 -0.0139966 0.0069983 -0.00277229 0.00138614 
0.0207625 -0.0103813 -0.00998329 0.00499165 -0.00124606 0.000623032 -0.0223574 0.0111787 -0.00153913 0.000769567 -0.00547577 0.00273789 0.00257483 -0.00128742 -0.28639 0.143195 -0.0163367 0.00816834 0.105927 -0.0529636 -0.0164948 0.00824742 0.00148511 -0.000742554 -0.0139092 0.00695459 -0.00276636 0.00138318 
0.0206871 -0.0103435 -0.00993869 0.00496934 -0.0012459 0.000622949 -0.022272 0.011136 -0.00152957 0.000764786 -0.00545573 0.00272786 0.00256103 -0.00128051 -0.283502 0.141751 -0.0162104 0.00810518 0.10489 -0.0524448 -0.0164513 0.00822566 0.0014799 -0.000739949 -0.0138229 0.00691147 -0.00276014 0.00138007 
0.0206121 -0.0103061 -0.00989494 0.00494747 -0.00124643 0.000623217 -0.0221881 0.011094 -0.00152082 0.000760411 -0.00543576 0.00271788 0.00254713 -0.00127357 -0.28064 0.14032 -0.0160844 0.00804221 0.103861 -0.0519306 -0.01641 0.00820498 0.00147368 -0.000736838 -0.0137398 0.00686988 -0.00275485 0.00137743 
0.0205368 -0.0102684 -0.00985162 0.00492581 -0.00124675 0.000623373 -0.0221044 0.0110522 -0.0015123 0.000756148 -0.00541587 0.00270794 0.00253318 -0.00126659 -0.277807 0.138904 -0.0159604 0.00798018 0.102844 -0.051422 -0.0163716 0.00818578 0.00146738 -0.000733692 -0.0136582 0.00682908 -0.00275025 0.00137513 
0.0204631 -0.0102316 -0.0098083 0.00490415 -0.00124756 0.000623779 -0.0220228 0.0110114 -0.00150356 0.00075178 -0.00539675 0.00269838 0.00251982 -0.00125991 -0.275002 0.137501 -0.0158388 0.00791939 0.101837 -0.0509185 -0.0163342 0.00816711 0.00146221 -0.000731104 -0.0135776 0.0067888 -0.0027454 0.0013727 
0.0203879 -0.010194 -0.00976525 0.00488263 -0.00124809 0.000624046 -0.02194 0.01097 -0.00149564 0.000747819 -0.00537771 0.00268885 0.00250577 -0.00125289 -0.272086 0.136043 -0.0157117 0.00785586 0.100789 -0.0503944 -0.0162968 0.00814839 0.00145586 -0.000727932 -0.013496 0.00674799 -0.00274108 0.00137054 
0.0203152 -0.0101576 -0.00972322 0.00486161 -0.0012485 0.00062425 -0.0218589 0.0109295 -0.00148721 0.000743607 -0.0053584 0.0026792 0.00249232 -0.00124616 -0.269337 0.134669 -0.0155921 0.00779606 0.0998009 -0.0499005 -0.0162635 0.00813173 0.00144969 -0.000724846 -0.0134204 0.00671018 -0.00273757 0.00136878 
0.0202439 -0.0101219 -0.00968139 0.0048407 -0.00124849 0.000624244 -0.0217782 0.0108891 -0.00147865 0.000739327 -0.0053393 0.00266965 0.00247901 -0.00123951 -0.266614 0.133307 -0.015474 0.00773701 0.0988223 -0.0494112 -0.0162317 0.00811584 0.00144359 -0.000721793 -0.0133466 0.00667329 -0.00273434 0.00136717 
0.0201721 -0.010086 -0.00964044 0.00482022 -0.00124931 0.000624654 -0.0216992 0.0108496 -0.00147079 0.000735394 -0.00532039 0.00266019 0.00246574 -0.00123287 -0.263919 0.131959 -0.0153574 0.00767872 0.0978537 -0.0489269 -0.0162023 0.00810113 0.00143742 -0.000718708 -0.0132745 0.00663727 -0.00273167 0.00136584 
0.0201016 -0.0100508 -0.00959947 0.00479973 -0.00124931 0.000624653 -0.0216199 0.01081 -0.00146263 0.000731317 -0.00530162 0.00265081 0.00245257 -0.00122628 -0.261248 0.130624 -0.0152411 0.00762054 0.0968938 -0.0484469 -0.0161747 0.00808733 0.00143015 -0.000715073 -0.0132052 0.00660258 -0.0027299 0.00136495 
0.0200321 -0.010016 -0.00955867 0.00477933 -0.00125038 0.000625192 -0.0215434 0.0107717 -0.0014544 0.0007272 -0.00528369 0.00264184 0.00244008 -0.00122004 -0.258604 0.129302 -0.0151274 0.00756369 0.0959436 -0.0479718 -0.0161489 0.00807445 0.00142401 -0.000712003 -0.0131371 0.00656855 -0.00272804 0.00136402 
0.0199641 -0.00998207 -0.00952025 0.00476012 -0.00125102 0.000625511 -0.021469 0.0107345 -0.00144751 0.000723754 -0.00526648 0.00263324 0.00242736 -0.00121368 -0.255987 0.127993 -0.0150152 0.00750758 0.0950026 -0.0475013 -0.0161247 0.00806233 0.00141787 -0.000708935 -0.0130707 0.00653536 -0.00272655 0.00136328 
0.0198962 -0.00994809 -0.00948043 0.00474021 -0.00125119 0.000625596 -0.0213923 0.0106961 -0.00143933 0.000719666 -0.00524833 0.00262416 0.00241475 -0.00120737 -0.253394 0.126697 -0.0149044 0.00745221 0.094071 -0.0470355 -0.0161026 0.00805128 0.0014117 -0.000705848 -0.013006 0.00650298 -0.00272551 0.00136275 
0.0198282 -0.00991411 -0.00944137 0.00472069 -0.00125184 0.000625921 -0.0213167 0.0106583 -0.00143182 0.000715909 -0.00523021 0.0026151 0.00240202 -0.00120101 -0.250826 0.125413 -0.0147939 0.00739693 0.0931487 -0.0465744 -0.0160829 0.00804146 0.00140425 -0.000702124 -0.0129435 0.00647173 -0.00272558 0.00136279 
0.0197521 -0.00987606 -0.0093966 0.0046983 -0.00124668 0.000623339 -0.0212265 0.0106132 -0.00142249 0.000711246 -0.00521176 0.00260588 0.00238996 -0.00119498 -0.248285 0.124143 -0.0146859 0.00734297 0.0922342 -0.0461171 -0.0160634 0.0080317 0.00139814 -0.000699069 -0.0128828 0.00644142 -0.00272521 0.0013626 
0.0196869 -0.00984347 -0.00935812 0.00467906 -0.00124659 0.000623297 -0.0211532 0.0105766 -0.00141429 0.000707145 -0.0051945 0.00259725 0.00237787 -0.00118893 -0.245768 0.122884 -0.0145798 0.00728989 0.0913301 -0.045665 -0.0160476 0.00802379 0.00139186 -0.000695932 -0.0128231 0.00641157 -0.00272559 0.0013628 
0.0196246 -0.00981229 -0.00931941 0.0046597 -0.00124638 0.000623189 -0.0210816 0.0105408 -0.00140524 0.000702619 -0.00517827 0.00258914 0.00236671 -0.00118336 -0.243275 0.121637 -0.0144732 0.00723661 0.0904324 -0.0452162 -0.0160315 0.00801573 0.00138459 -0.000692296 -0.0127666 0.00638329 -0.00272638 0.00136319 
0.0195643 -0.00978217 -0.00928322 0.00464161 -0.00124656 0.000623281 -0.0210134 0.0105067 -0.00139756 0.000698778 -0.00516293 0.00258146 0.00235557 -0.00117778 -0.240806 0.120403 -0.0143698 0.00718489 0.0895465 -0.0447732 -0.0160194 0.00800972 0.00137807 -0.000689035 -0.01271 0.00635501 -0.00272773 0.00136386 
0.0195036 -0.00975179 -0.0092457 0.00462285 -0.00124606 0.000623028 -0.0209423 0.0104711 -0.00138879 0.000694394 -0.00514647 0.00257323 0.00234432 -0.00117216 -0.23836 0.11918 -0.0142658 0.0071329 0.0886663 -0.0443331 -0.0160071 0.00800357 0.00137077 -0.000685384 -0.0126568 0.00632839 -0.00272942 0.00136471 
0.0194421 -0.00972103 -0.00920875 0.00460438 -0.00124624 0.000623119 -0.0208724 0.0104362 -0.00138058 0.000690289 -0.00513011 0.00256506 0.00233306 -0.00116653 -0.235939 0.11797 -0.0141637 0.00708186 0.0877965 -0.0438982 -0.0159984 0.00799922 0.00136319 -0.000681596 -0.0126046 0.00630232 -0.00273197 0.00136598 
0.0193818 -0.00969089 -0.00917197 0.00458599 -0.0012458 0.0006229 -0.0208027 0.0104014 -0.00137228 0.000686138 -0.0051139 0.00255695 0.00232187 -0.00116093 -0.233541 0.11677 -0.0140644 0.00703218 0.0869356 -0.0434678 -0.0159913 0.00799564 0.00135658 -0.000678288 -0.0125533 0.00627667 -0.00273445 0.00136722 
0.019322 -0.009661 -0.00913573 0.00456787 -0.00124563 0.000622813 -0.0207342 0.0103671 -0.00136407 0.000682036 -0.00509801 0.00254901 0.00231096 -0.00115548 -0.231166 0.115583 -0.0139645 0.00698226 0.0860819 -0.0430409 -0.0159838 0.00799191 0.00134869 -0.000674346 -0.0125043 0.00625214 -0.00273745 0.00136872 
0.0192621 -0.00963105 -0.00910013 0.00455007 -0.00124555 0.000622773 -0.0206664 0.0103332 -0.00135606 0.000678029 -0.00508223 0.00254111 0.00230009 -0.00115004 -0.228815 0.114407 -0.0138657 0.00693286 0.0852383 -0.0426192 -0.0159795 0.00798977 0.00134042 -0.00067021 -0.0124561 0.00622804 -0.00274138 0.00137069 
0.0192044 -0.0096022 -0.0090642 0.0045321 -0.00124538 0.000622692 -0.0205997 0.0102998 -0.00134754 0.00067377 -0.00506702 0.00253351 0.00228969 -0.00114485 -0.226485 0.113242 -0.0137684 0.00688419 0.0844031 -0.0422016 -0.0159761 0.00798806 0.00133194 -0.000665969 -0.0124092 0.0062046 -0.00274565 0.00137282 
0.0191487 -0.00957437 -0.00903027 0.00451514 -0.00124519 0.000622597 -0.020536 0.010268 -0.00133997 0.000669985 -0.00505288 0.00252644 0.00227948 -0.00113974 -0.224178 0.112089 -0.0136721 0.00683604 0.0835767 -0.0417884 -0.0159752 0.00798759 0.00132346 -0.000661732 -0.0123636 0.00618181 -0.00275039 0.00137519 
0.0190921 -0.00954606 -0.00899518 0.00449759 -0.00124478 0.000622392 -0.02047 0.010235 -0.00133161 0.000665804 -0.00503762 0.00251881 0.00226914 -0.00113457 -0.221893 0.110946 -0.013577 0.0067885 0.0827579 -0.0413789 -0.0159756 0.00798778 0.00131494 -0.00065747 -0.0123197 0.00615987 -0.00275552 0.00137776 
0.0190341 -0.00951705 -0.00896085 0.00448042 -0.00124484 0.000622418 -0.0204048 0.0102024 -0.0013237 0.000661852 -0.00502245 0.00251123 0.00225878 -0.00112939 -0.219632 0.109816 -0.0134833 0.00674164 0.0819467 -0.0409733 -0.0159772 0.0079886 0.00130642 -0.000653208 -0.0122775 0.00613877 -0.00276084 0.00138042 
0.0189779 -0.00948894 -0.0089269 0.00446345 -0.00124486 0.000622428 -0.0203403 0.0101701 -0.00131619 0.000658094 -0.00500732 0.00250366 0.00224835 -0.00112418 -0.217391 0.108696 -0.0133906 0.00669529 0.0811436 -0.0405718 -0.0159802 0.0079901 0.00129778 -0.000648888 -0.0122366 0.00611831 -0.00276657 0.00138329 
0.01892 -0.00946002 -0.00889325 0.00444663 -0.00124447 0.000622234 -0.0202761 0.010138 -0.0013084 0.000654202 -0.00499254 0.00249627 0.0022382 -0.0011191 -0.215176 0.107588 -0.013299 0.00664949 0.0803486 -0.0401743 -0.015985 0.00799251 0.00128907 -0.000644537 -0.0121972 0.00609859 -0.0027727 0.00138635 
0.0188643 -0.00943215 -0.00885911 0.00442955 -0.00124484 0.000622418 -0.0202134 0.0101067 -0.00130037 0.000650184 -0.00497826 0.00248913 0.00222851 -0.00111425 -0.21298 0.10649 -0.0132088 0.00660441 0.0795608 -0.0397804 -0.0159912 0.0079956 0.00128052 -0.000640262 -0.0121594 0.00607971 -0.00277911 0.00138955 
0.0188102 -0.00940512 -0.00882717 0.00441358 -0.00124523 0.000622614 -0.0201538 0.0100769 -0.00129373 0.000646866 -0.00496488 0.00248244 0.00221875 -0.00110938 -0.210805 0.105402 -0.0131205 0.00656024 0.0787811 -0.0393906 -0.0159988 0.0079994 0.00127178 -0.000635891 -0.0121227 0.00606137 -0.00278592 0.00139296 
0.0187542 -0.00937709 -0.00879449 0.00439725 -0.00124572 0.000622862 -0.0200918 0.0100459 -0.00128672 0.000643359 -0.00495023 0.00247511 0.00220864 -0.00110432 -0.208651 0.104326 -0.0130324 0.00651619 0.0780094 -0.0390047 -0.0160082 0.00800411 0.00126294 -0.000631472 -0.0120873 0.00604366 -0.00279317 0.00139659 
0.0186987 -0.00934933 -0.00876188 0.00438094 -0.00124575 0.000622874 -0.0200299 0.0100149 -0.00127969 0.000639846 -0.00493566 0.00246783 0.00219852 -0.00109926 -0.206518 0.103259 -0.0129461 0.00647304 0.0772453 -0.0386227 -0.0160193 0.00800967 0.00125392 -0.000626961 -0.0120531 0.00602656 -0.00280084 0.00140042 
0.0186439 -0.00932196 -0.00872995 0.00436497 -0.00124631 0.000623153 -0.0199692 0.00998462 -0.00127301 0.000636503 -0.0049213 0.00246065 0.00218855 -0.00109427 -0.204406 0.102203 -0.0128589 0.00642944 0.0764867 -0.0382434 -0.0160301 0.00801506 0.00124408 -0.000622039 -0.0120216 0.00601079 -0.00280887 0.00140444 
0.0185881 -0.00929406 -0.00869816 0.00434908 -0.00124645 0.000623224 -0.0199084 0.00995422 -0.00126621 0.000633105 -0.00490705 0.00245352 0.00217863 -0.00108931 -0.202317 0.101159 -0.0127745 0.00638724 0.0757358 -0.0378679 -0.0160425 0.00802127 0.00123526 -0.000617629 -0.0119909 0.00599543 -0.00281672 0.00140836 
0.0185334 -0.00926672 -0.00866649 0.00433325 -0.00124683 0.000623415 -0.019849 0.00992451 -0.00125942 0.000629711 -0.00489323 0.00244662 0.00216908 -0.00108454 -0.200247 0.100123 -0.0126908 0.0063454 0.0749936 -0.0374968 -0.0160572 0.00802861 0.00122621 -0.000613103 -0.0119609 0.00598043 -0.00282519 0.00141259 
0.0184784 -0.00923922 -0.00863541 0.0043177 -0.00124818 0.00062409 -0.0197907 0.00989534 -0.00125297 0.000626483 -0.00487942 0.00243971 0.00215947 -0.00107974 -0.198197 0.0990987 -0.0126071 0.00630353 0.074258 -0.037129 -0.016073 0.00803649 0.00121596 -0.000607979 -0.0119329 0.00596645 -0.00283446 0.00141723 
0.0184247 -0.00921235 -0.00860594 0.00430297 -0.00124904 0.000624519 -0.0197348 0.00986742 -0.00124764 0.000623818 -0.00486667 0.00243333 0.00214988 -0.00107494 -0.196169 0.0980845 -0.0125261 0.00626306 0.0735307 -0.0367653 -0.0160912 0.00804558 0.00120682 -0.000603408 -0.0119052 0.00595261 -0.00284373 0.00142187 
0.018371 -0.00918552 -0.00857536 0.00428768 -0.00124954 0.00062477 -0.0196765 0.00983823 -0.00124143 0.000620716 -0.00485276 0.00242638 0.00214015 -0.00107007 -0.194158 0.0970791 -0.0124444 0.0062222 0.0728105 -0.0364052 -0.0161097 0.00805483 0.00119632 -0.000598159 -0.0118788 0.00593938 -0.00285373 0.00142687 
0.0183181 -0.00915905 -0.00854488 0.00427244 -0.00125015 0.000625074 -0.0196189 0.00980946 -0.00123522 0.000617609 -0.00483908 0.00241954 0.00213061 -0.00106531 -0.192167 0.0960834 -0.0123654 0.00618269 0.0720967 -0.0360484 -0.0161298 0.00806489 0.00118724 -0.000593618 -0.0118538 0.00592692 -0.00286342 0.00143171 
0.0182567 -0.00912834 -0.00850913 0.00425456 -0.00124603 0.000623015 -0.019548 0.00977398 -0.00122796 0.000613982 -0.00482488 0.00241244 0.00212141 -0.00106071 -0.190196 0.0950978 -0.0122875 0.00614375 0.0713906 -0.0356953 -0.0161509 0.00807543 0.00117792 -0.000588959 -0.0118295 0.00591477 -0.00287353 0.00143676 
0.0182063 -0.00910317 -0.00847947 0.00423973 -0.00124571 0.000622853 -0.019492 0.00974598 -0.00122147 0.000610737 -0.00481175 0.00240587 0.00211212 -0.00105606 -0.188243 0.0941217 -0.0122093 0.00610463 0.0706901 -0.035345 -0.0161727 0.00808635 0.00116761 -0.000583804 -0.0118073 0.00590366 -0.00288416 0.00144208 
0.0181564 -0.00907819 -0.00844982 0.00422491 -0.00124556 0.000622778 -0.0194373 0.00971864 -0.00121442 0.000607209 -0.00479921 0.0023996 0.00210351 -0.00105175 -0.186312 0.0931558 -0.012132 0.00606601 0.0699976 -0.0349988 -0.0161961 0.00809804 0.00115697 -0.000578485 -0.0117855 0.00589276 -0.00289528 0.00144764 
0.0181062 -0.00905312 -0.00841885 0.00420942 -0.00124527 0.000622636 -0.0193807 0.00969034 -0.00120678 0.000603392 -0.00478637 0.00239318 0.00209475 -0.00104737 -0.184302 0.0921509 -0.0120536 0.00602682 0.0692767 -0.0346384 -0.0162215 0.00811075 0.00114743 -0.000573716 -0.0117641 0.00588204 -0.00290641 0.00145321 
0.0180604 -0.00903022 -0.00839066 0.00419533 -0.0012452 0.000622602 -0.0193299 0.00966494 -0.00119987 0.000599933 -0.0047748 0.0023874 0.00208702 -0.00104351 -0.182501 0.0912505 -0.0119817 0.00599085 0.0686313 -0.0343156 -0.0162456 0.0081228 0.00113711 -0.000568556 -0.0117458 0.00587291 -0.00291751 0.00145875 
0.018014 -0.00900698 -0.0083628 0.0041814 -0.00124601 0.000623005 -0.0192807 0.00964034 -0.00119349 0.000596746 -0.00476419 0.00238209 0.00207926 -0.00103963 -0.180626 0.0903128 -0.0119088 0.00595439 0.0679588 -0.0339794 -0.0162726 0.00813632 0.00112761 -0.000563805 -0.011727 0.0058635 -0.0029289 0.00146445 
0.0179679 -0.00898396 -0.00833365 0.00416682 -0.00124585 0.000622927 -0.019228 0.00961399 -0.00118642 0.000593212 -0.00475208 0.00237604 0.00207107 -0.00103554 -0.178765 0.0893825 -0.0118356 0.00591781 0.0672918 -0.0336459 -0.0162997 0.00814983 0.00111711 -0.000558556 -0.01171 0.00585498 -0.00294079 0.00147039 
0.0179218 -0.0089609 -0.008305 0.0041525 -0.00124608 0.000623041 -0.0191762 0.0095881 -0.00117964 0.000589818 -0.00474008 0.00237004 0.00206296 -0.00103148 -0.176923 0.0884614 -0.011763 0.00588149 0.0666318 -0.0333159 -0.0163275 0.00816374 0.00110645 -0.000553226 -0.0116936 0.00584682 -0.00295295 0.00147647 
0.0178758 -0.0089379 -0.00827661 0.0041383 -0.00124618 0.000623088 -0.0191247 0.00956235 -0.00117301 0.000586506 -0.00472813 0.00236407 0.00205482 -0.00102741 -0.175099 0.0875494 -0.0116927 0.00584637 0.0659792 -0.0329896 -0.0163572 0.00817862 0.00109677 -0.000548386 -0.0116775 0.00583877 -0.00296508 0.00148254 
0.0178292 -0.00891459 -0.00824867 0.00412433 -0.00124694 0.000623468 -0.019074 0.00953702 -0.00116697 0.000583487 -0.00471619 0.00235809 0.00204658 -0.00102329 -0.173293 0.0866464 -0.0116221 0.00581103 0.0653313 -0.0326656 -0.0163869 0.00819343 0.00108625 -0.000543123 -0.0116636 0.00583179 -0.00297756 0.00148878 
0.0177833 -0.00889166 -0.00822071 0.00411036 -0.00124693 0.000623463 -0.0190232 0.00951162 -0.00116065 0.000580326 -0.00470439 0.0023522 0.00203845 -0.00101923 -0.171505 0.0857523 -0.0115523 0.00577616 0.0646898 -0.0323449 -0.0164174 0.00820871 0.00107561 -0.000537807 -0.0116504 0.00582518 -0.0029903 0.00149515 
0.0177374 -0.00886868 -0.00819295 0.00409648 -0.00124737 0.000623687 -0.0189734 0.00948672 -0.00115446 0.000577229 -0.0046928 0.0023464 0.00203053 -0.00101526 -0.169734 0.084867 -0.0114835 0.00574177 0.0640553 -0.0320276 -0.0164492 0.00822459 0.00106482 -0.00053241 -0.0116377 0.00581887 -0.00300338 0.00150169 
0.017692 -0.00884602 -0.00816535 0.00408267 -0.00124792 0.000623958 -0.0189245 0.00946227 -0.00114841 0.000574205 -0.00468151 0.00234076 0.00202279 -0.0010114 -0.16798 0.0839898 -0.0114154 0.00570772 0.0634272 -0.0317136 -0.0164815 0.00824075 0.00105386 -0.000526931 -0.0116257 0.00581287 -0.00301671 0.00150835 
0.0176469 -0.00882346 -0.00813842 0.00406921 -0.00124853 0.000624266 -0.0188755 0.00943773 -0.00114271 0.000571357 -0.00466991 0.00233495 0.00201475 -0.00100737 -0.166243 0.0831214 -0.0113496 0.00567482 0.0628053 -0.0314027 -0.0165152 0.00825762 0.00104412 -0.000522059 -0.0116146 0.00580729 -0.00302979 0.00151489 
0.0176043 -0.00880215 -0.0081127 0.00405635 -0.00124974 0.000624868 -0.0188307 0.00941536 -0.00113764 0.00056882 -0.00466006 0.00233003 0.00200732 -0.00100366 -0.164523 0.0822617 -0.0112834 0.00564169 0.0621887 -0.0310943 -0.0165492 0.00827459 0.00103324 -0.000516622 -0.0116048 0.00580238 -0.00304343 0.00152171 
0.0175598 -0.00877991 -0.00808606 0.00404303 -0.00125021 0.000625105 -0.0187824 0.0093912 -0.00113184 0.000565921 -0.0046487 0.00232435 0.00199951 -0.000999757 -0.162821 0.0814105 -0.0112178 0.0056089 0.0615775 -0.0307888 -0.0165832 0.00829159 0.0010225 -0.000511252 -0.0115961 0.00579803 -0.00305701 0.0015285 
0.0175156 -0.0087578 -0.00805973 0.00402986 -0.00125065 0.000625327 -0.0187346 0.00936729 -0.00112616 0.000563082 -0.00463744 0.00231872 0.00199174 -0.000995871 -0.161135 0.0805674 -0.0111531 0.00557657 0.0609743 -0.0304871 -0.0166191 0.00830955 0.00101128 -0.000505639 -0.0115872 0.00579359 -0.0030713 0.00153565 
0.0174715 -0.00873574 -0.00803387 0.00401693 -0.00125165 0.000625825 -0.0186878 0.0093439 -0.00112086 0.000560429 -0.00462629 0.00231314 0.00198402 -0.000992012 -0.159465 0.0797327 -0.0110891 0.00554456 0.0603751 -0.0301875 -0.0166545 0.00832724 0.00100042 -0.000500211 -0.01158 0.00579001 -0.00308525 0.00154263 
0.0174277 -0.00871383 -0.00800821 0.0040041 -0.00125228 0.000626139 -0.0186408 0.00932039 -0.0011157 0.000557851 -0.00461508 0.00230754 0.00197616 -0.000988081 -0.157812 0.078906 -0.0110259 0.00551293 0.0597814 -0.0298907 -0.0166906 0.00834532 0.000989487 -0.000494743 -0.011574 0.00578699 -0.00309944 0.00154972 
0.0173845 -0.00869225 -0.00798266 0.00399133 -0.00125282 0.00062641 -0.0185944 0.00929718 -0.00111041 0.000555203 -0.00460409 0.00230205 0.00196851 -0.000984256 -0.156174 0.0780872 -0.0109634 0.00548168 0.0591938 -0.0295969 -0.0167278 0.00836388 0.00097838 -0.00048919 -0.0115686 0.00578432 -0.00311394 0.00155697 
0.0173416 -0.0086708 -0.00795737 0.00397869 -0.00125364 0.000626818 -0.0185489 0.00927447 -0.00110522 0.000552608 -0.00459336 0.00229668 0.00196108 -0.00098054 -0.154553 0.0772764 -0.0109016 0.0054508 0.0586125 -0.0293062 -0.0167657 0.00838284 0.000967144 -0.000483572 -0.0115637 0.00578187 -0.0031287 0.00156435 
0.0172987 -0.00864934 -0.00793244 0.00396622 -0.00125458 0.00062729 -0.0185039 0.00925196 -0.00110033 0.000550164 -0.00458263 0.00229131 0.00195358 -0.000976792 -0.152947 0.0764734 -0.0108406 0.00542029 0.0580372 -0.0290186 -0.0168042 0.00840209 0.000955829 -0.000477915 -0.0115592 0.00577961 -0.00314366 0.00157183 
0.0172558 -0.0086279 -0.00790775 0.00395387 -0.0012557 0.000627848 -0.0184594 0.00922971 -0.00109567 0.000547836 -0.00457198 0.00228599 0.00194608 -0.000973041 -0.151357 0.0756784 -0.0107803 0.00539015 0.057468 -0.028734 -0.0168432 0.00842158 0.000944439 -0.000472219 -0.011555 0.00577751 -0.00315878 0.00157939 
0.0172132 -0.00860661 -0.00788347 0.00394173 -0.00125674 0.000628371 -0.0184149 0.00920745 -0.00109122 0.00054561 -0.00456119 0.00228059 0.00193843 -0.000969215 -0.149782 0.0748911 -0.0107208 0.00536038 0.0569048 -0.0284524 -0.0168826 0.00844132 0.000933013 -0.000466507 -0.0115512 0.00577559 -0.00317404 0.00158702 
0.0171715 -0.00858575 -0.00785895 0.00392948 -0.00125796 0.00062898 -0.0183713 0.00918565 -0.00108634 0.000543171 -0.00455085 0.00227542 0.00193118 -0.000965591 -0.148223 0.0741115 -0.0106619 0.00533094 0.0563473 -0.0281737 -0.0169225 0.00846127 0.000921526 -0.000460763 -0.0115477 0.00577385 -0.00318945 0.00159473 
0.0171244 -0.00856221 -0.00783129 0.00391565 -0.00125367 0.000626835 -0.0183165 0.00915824 -0.00108096 0.00054048 -0.00454111 0.00227056 0.00192455 -0.000962275 -0.14668 0.0733398 -0.0106034 0.00530171 0.0557961 -0.0278981 -0.0169619 0.00848097 0.000909648 -0.000454824 -0.0115443 0.00577216 -0.00320514 0.00160257 
0.0170861 -0.00854307 -0.00780763 0.00390381 -0.00125349 0.000626747 -0.0182738 0.00913689 -0.00107551 0.000537757 -0.00453117 0.00226559 0.00191761 -0.000958804 -0.14515 0.0725752 -0.010546 0.00527302 0.0552502 -0.0276251 -0.0170027 0.00850133 0.000898084 -0.000449042 -0.0115415 0.00577075 -0.00322081 0.00161041 
0.0170488 -0.0085244 -0.0077843 0.00389215 -0.00125364 0.00062682 -0.0182324 0.00911618 -0.00106995 0.000534977 -0.00452153 0.00226077 0.00191101 -0.000955506 -0.143637 0.0718184 -0.0104893 0.00524463 0.0547099 -0.027355 -0.0170437 0.00852184 0.000886449 -0.000443224 -0.011539 0.00576949 -0.0032366 0.0016183 
0.0170123 -0.00850616 -0.00776086 0.00388043 -0.00125342 0.000626711 -0.0181911 0.00909555 -0.00106399 0.000531993 -0.00451212 0.00225606 0.00190467 -0.000952337 -0.142138 0.0710689 -0.0104332 0.00521662 0.0541752 -0.0270876 -0.0170851 0.00854256 0.000874802 -0.000437401 -0.0115368 0.0057684 -0.0032525 0.00162625 
0.0169764 -0.00848818 -0.00773757 0.00386878 -0.00125337 0.000626687 -0.0181504 0.0090752 -0.001058 0.000529002 -0.00450286 0.00225143 0.0018985 -0.00094925 -0.140653 0.0703267 -0.0103778 0.0051889 0.053645 -0.0268225 -0.0171262 0.00856311 0.000863365 -0.000431682 -0.0115356 0.00576778 -0.00326823 0.00163411 
0.0169406 -0.0084703 -0.00771467 0.00385734 -0.00125341 0.000626707 -0.0181103 0.00905514 -0.00105218 0.00052609 -0.00449368 0.00224684 0.00189238 -0.000946188 -0.139184 0.0695919 -0.010323 0.0051615 0.0531193 -0.0265596 -0.0171681 0.00858405 0.000851831 -0.000425915 -0.0115356 0.0057678 -0.00328415 0.00164207 
0.0169047 -0.00845234 -0.00769198 0.00384599 -0.00125365 0.000626826 -0.0180706 0.00903532 -0.00104661 0.000523303 -0.00448455 0.00224228 0.00188625 -0.000943123 -0.137728 0.0688642 -0.0102688 0.00513441 0.0525996 -0.0262998 -0.0172105 0.00860525 0.000840093 -0.000420047 -0.0115356 0.0057678 -0.00330035 0.00165017 
0.0168686 -0.00843431 -0.00766963 0.00383481 -0.00125414 0.000627068 -0.0180315 0.00901574 -0.00104139 0.000520697 -0.00447544 0.00223772 0.00188006 -0.000940031 -0.136287 0.0681433 -0.0102153 0.00510765 0.0520849 -0.0260424 -0.0172536 0.00862678 0.000828333 -0.000414167 -0.0115364 0.00576822 -0.00331669 0.00165834 
0.0168326 -0.0084163 -0.00764769 0.00382385 -0.00125465 0.000627324 -0.0179924 0.00899622 -0.00103649 0.000518245 -0.00446622 0.00223311 0.00187371 -0.000936857 -0.13486 0.0674298 -0.0101609 0.00508046 0.0515743 -0.0257871 -0.0172957 0.00864784 0.000815553 -0.000407776 -0.0115382 0.00576911 -0.00333332 0.00166666 
0.0167964 -0.00839821 -0.00762603 0.00381301 -0.00125532 0.000627659 -0.017954 0.00897702 -0.00103181 0.000515906 -0.00445717 0.00222859 0.00186744 -0.000933721 -0.133446 0.0667232 -0.0101088 0.00505441 0.0510683 -0.0255342 -0.017339 0.0086695 0.000804045 -0.000402022 -0.0115409 0.00577043 -0.00334958 0.00167479 
0.0167605 -0.00838026 -0.00760439 0.00380219 -0.00125588 0.000627941 -0.0179158 0.00895792 -0.00102714 0.00051357 -0.00444823 0.00222411 0.00186122 -0.000930609 -0.132047 0.0660236 -0.0100572 0.00502858 0.0505681 -0.025284 -0.0173826 0.00869131 0.000792346 -0.000396173 -0.0115435 0.00577175 -0.00336606 0.00168303 
0.0167248 -0.0083624 -0.00758319 0.0037916 -0.00125671 0.000628357 -0.0178779 0.00893895 -0.00102277 0.000511383 -0.00443914 0.00221957 0.00185487 -0.000927435 -0.130661 0.0653306 -0.0100061 0.00500303 0.0500727 -0.0250363 -0.0174264 0.00871322 0.000780607 -0.000390304 -0.0115466 0.00577331 -0.00338261 0.0016913 
0.0166899 -0.00834496 -0.00756178 0.00378089 -0.00125743 0.000628713 -0.0178406 0.00892031 -0.00101792 0.000508961 -0.00443046 0.00221523 0.00184886 -0.00092443 -0.129289 0.0646445 -0.00995543 0.00497771 0.0495827 -0.0247913 -0.0174707 0.00873533 0.000768666 -0.000384333 -0.01155 0.00577498 -0.00339939 0.00169969 
0.0166571 -0.00832856 -0.00754226 0.00377113 -0.00125832 0.000629159 -0.0178067 0.00890334 -0.00101422 0.000507108 -0.00442298 0.00221149 0.00184308 -0.00092154 -0.12793 0.0639651 -0.00990418 0.00495209 0.0490972 -0.0245486 -0.0175145 0.00875727 0.000755628 -0.000377814 -0.0115538 0.00577691 -0.00341662 0.00170831 
0.0166225 -0.00831125 -0.00752153 0.00376077 -0.00125905 0.000629525 -0.0177698 0.00888488 -0.00100977 0.000504883 -0.0044142 0.0022071 0.00183702 -0.000918511 -0.126584 0.0632922 -0.00985504 0.00492752 0.0486163 -0.0243082 -0.0175593 0.00877967 0.000743901 -0.000371951 -0.0115583 0.00577917 -0.00343341 0.0017167 
0.0165884 -0.00829421 -0.00750098 0.00375049 -0.00125944 0.000629719 -0.017733 0.00886651 -0.00100521 0.000502607 -0.00440551 0.00220276 0.00183104 -0.000915522 -0.125252 0.0626262 -0.00980627 0.00490313 0.0481403 -0.0240701 -0.0176042 0.0088021 0.000732047 -0.000366024 -0.0115632 0.00578159 -0.00345031 0.00172515 
0.0165547 -0.00827733 -0.00748038 0.00374019 -0.00125961 0.000629805 -0.0176962 0.00884811 -0.00100056 0.000500278 -0.00439691 0.00219845 0.00182513 -0.000912563 -0.123933 0.0619665 -0.009758 0.004879 0.0476688 -0.0238344 -0.0176489 0.00882443 0.000720228 -0.000360114 -0.0115683 0.00578415 -0.00346717 0.00173358 
0.0165214 -0.00826072 -0.00746003 0.00373002 -0.00125991 0.000629957 -0.0176602 0.00883012 -0.000995868 0.000497934 -0.00438848 0.00219424 0.0018194 -0.000909701 -0.122627 0.0613134 -0.00970887 0.00485443 0.0472022 -0.0236011 -0.0176934 0.00884669 0.000707132 -0.000353566 -0.0115738 0.00578692 -0.00348463 0.00174231 
0.0164884 -0.0082442 -0.0074399 0.00371995 -0.00126042 0.000630212 -0.0176246 0.0088123 -0.000991303 0.000495652 -0.00438012 0.00219006 0.00181372 -0.000906862 -0.121333 0.0606665 -0.00966201 0.00483101 0.0467389 -0.0233694 -0.0177387 0.00886937 0.00069554 -0.00034777 -0.0115807 0.00579037 -0.00350149 0.00175075 
0.0164553 -0.00822763 -0.00742015 0.00371008 -0.00126113 0.000630567 -0.0175896 0.00879481 -0.000987057 0.000493528 -0.00437179 0.00218589 0.00180802 -0.000904008 -0.120052 0.0600261 -0.00961536 0.00480768 0.0462817 -0.0231408 -0.0177843 0.00889215 0.000683517 -0.000341758 -0.0115869 0.00579344 -0.0035187 0.00175935 
0.0164217 -0.00821085 -0.00740066 0.00370033 -0.00126227 0.000631137 -0.0175552 0.00877759 -0.000983294 0.000491647 -0.00436343 0.00218171 0.00180219 -0.000901094 -0.118784 0.0593918 -0.00956782 0.00478391 0.0458293 -0.0229146 -0.0178295 0.00891473 0.000670288 -0.000335144 -0.0115932 0.00579658 -0.00353643 0.00176822 
0.0163883 -0.00819415 -0.00738154 0.00369077 -0.00126313 0.000631566 -0.0175208 0.00876038 -0.00097965 0.000489825 -0.0043551 0.00217755 0.00179631 -0.000898153 -0.117528 0.0587639 -0.00952246 0.00476123 0.0453806 -0.0226903 -0.0178751 0.00893755 0.00065852 -0.00032926 -0.0116002 0.00580012 -0.00355352 0.00177676 
0.016355 -0.00817749 -0.00736261 0.00368131 -0.00126416 0.00063208 -0.0174865 0.00874326 -0.000976189 0.000488094 -0.00434672 0.00217336 0.00179036 -0.000895179 -0.116285 0.0581423 -0.00947751 0.00473876 0.0449362 -0.0224681 -0.0179206 0.0089603 0.000646783 -0.000323391 -0.0116076 0.0058038 -0.00357059 0.0017853 
0.0163221 -0.00816106 -0.00734349 0.00367175 -0.00126466 0.000632329 -0.0174524 0.00872618 -0.000972399 0.000486199 -0.0043386 0.0021693 0.00178465 -0.000892326 -0.115053 0.0575265 -0.00943301 0.0047165 0.0444973 -0.0222487 -0.0179669 0.00898344 0.000634665 -0.000317333 -0.0116148 0.00580739 -0.00358807 0.00179403 
0.0162898 -0.00814492 -0.00732451 0.00366225 -0.0012654 0.000632701 -0.017419 0.00870948 -0.000968511 0.000484256 -0.00433072 0.00216536 0.00177919 -0.000889597 -0.113834 0.0569169 -0.00938776 0.00469388 0.0440613 -0.0220307 -0.018012 0.00900601 0.000621793 -0.000310897 -0.0116231 0.00581153 -0.00360562 0.00180281 
0.01625 -0.00812502 -0.00730081 0.0036504 -0.00126092 0.000630462 -0.0173713 0.00868564 -0.000963352 0.000481676 -0.00432208 0.00216104 0.00177398 -0.000886988 -0.112627 0.0563133 -0.00934376 0.00467188 0.0436307 -0.0218154 -0.0180571 0.00902855 0.000609503 -0.000304752 -0.0116311 0.00581555 -0.0036231 0.00181155 
0.0162206 -0.00811031 -0.00728272 0.00364136 -0.00126088 0.000630438 -0.0173391 0.00866953 -0.000959198 0.000479599 -0.00431449 0.00215725 0.00176862 -0.000884312 -0.111431 0.0557157 -0.0092993 0.00464965 0.0432047 -0.0216023 -0.0181027 0.00905136 0.000596205 -0.000298103 -0.0116391 0.00581956 -0.00364107 0.00182053 
0.0161924 -0.0080962 -0.00726447 0.00363224 -0.00126163 0.000630814 -0.0173085 0.00865425 -0.000954573 0.000477287 -0.00430749 0.00215375 0.00176388 -0.000881941 -0.110247 0.0551237 -0.00925695 0.00462848 0.0427816 -0.0213908 -0.0181491 0.00907454 0.000584397 -0.000292199 -0.0116484 0.00582422 -0.0036584 0.0018292 
0.0161641 -0.00808205 -0.00724655 0.00362327 -0.00126184 0.000630919 -0.0172773 0.00863864 -0.000950182 0.000475091 -0.00430024 0.00215012 0.00175894 -0.000879468 -0.109075 0.0545375 -0.00921499 0.00460749 0.0423631 -0.0211816 -0.0181954 0.00909769 0.000572488 -0.000286244 -0.0116576 0.0058288 -0.00367583 0.00183791 
0.0161348 -0.00806738 -0.0072281 0.00361405 -0.00126241 0.000631206 -0.0172457 0.00862285 -0.000945753 0.000472876 -0.00429293 0.00214646 0.00175392 -0.000876958 -0.107856 0.0539282 -0.00917037 0.00458518 0.0419278 -0.0209639 -0.0182437 0.00912185 0.000559074 -0.000279537 -0.0116679 0.00583396 -0.00369448 0.00184724 
0.0161065 -0.00805325 -0.00721082 0.00360541 -0.00126291 0.000631455 -0.0172153 0.00860767 -0.000941819 0.00047091 -0.0042857 0.00214285 0.00174892 -0.000874459 -0.106708 0.053354 -0.0091293 0.00456465 0.0415181 -0.0207591 -0.01829 0.00914502 0.000547079 -0.000273539 -0.0116774 0.00583869 -0.00371201 0.00185601 
0.0160786 -0.00803932 -0.00719334 0.00359667 -0.00126296 0.00063148 -0.0171846 0.00859232 -0.000937601 0.000468801 -0.00427859 0.00213929 0.00174402 -0.000872012 -0.10557 0.0527852 -0.00908754 0.00454377 0.041111 -0.0205555 -0.0183356 0.00916779 0.000534288 -0.000267144 -0.011688 0.00584402 -0.00372967 0.00186484 
0.0160536 -0.00802679 -0.0071775 0.00358875 -0.00126344 0.00063172 -0.017158 0.008579 -0.000934103 0.000467052 -0.004273 0.0021365 0.00173967 -0.000869835 -0.104444 0.0522219 -0.00904753 0.00452376 0.0407084 -0.0203542 -0.018382 0.00919101 0.000522426 -0.000261213 -0.0116988 0.00584939 -0.00374714 0.00187357 
0.0160269 -0.00801344 -0.00716014 0.00358007 -0.00126326 0.00063163 -0.0171281 0.00856403 -0.000929493 0.000464746 -0.00426618 0.00213309 0.00173514 -0.000867571 -0.103329 0.0516644 -0.00900633 0.00450316 0.0403107 -0.0201553 -0.0184279 0.00921397 0.000509133 -0.000254566 -0.0117092 0.00585458 -0.00376525 0.00188263 
0.0160002 -0.00800012 -0.00714316 0.00357158 -0.00126359 0.000631793 -0.0170988 0.00854939 -0.000925181 0.00046259 -0.0042594 0.0021297 0.00173064 -0.000865322 -0.102224 0.0511121 -0.00896735 0.00448367 0.0399158 -0.0199579 -0.0184747 0.00923736 0.000497347 -0.000248673 -0.0117206 0.00586028 -0.00378275 0.00189137 
0.0159737 -0.00798684 -0.00712612 0.00356306 -0.00126382 0.000631912 -0.0170696 0.00853482 -0.000920882 0.000460441 -0.00425268 0.00212634 0.00172617 -0.000863086 -0.10113 0.0505652 -0.00892707 0.00446353 0.0395259 -0.0197629 -0.0185205 0.00926024 0.000484168 -0.000242084 -0.0117313 0.00586567 -0.00380079 0.00190039 
0.0159472 -0.0079736 -0.00710951 0.00355476 -0.00126398 0.000631989 -0.0170406 0.00852031 -0.000916759 0.000458379 -0.00424593 0.00212297 0.00172163 -0.000860814 -0.100048 0.050024 -0.00888899 0.00444449 0.0391388 -0.0195694 -0.0185669 0.00928345 0.000472496 -0.000236248 -0.011743 0.0058715 -0.00381818 0.00190909 
0.0159191 -0.00795956 -0.00709243 0.00354622 -0.0012649 0.000632448 -0.0170115 0.00850575 -0.000913018 0.000456509 -0.00423905 0.00211953 0.00171688 -0.000858442 -0.0989226 0.0494613 -0.00884789 0.00442395 0.0387383 -0.0193692 -0.018615 0.0093075 0.000458876 -0.000229438 -0.0117541 0.00587707 -0.00383709 0.00191854 
0.0158927 -0.00794633 -0.00707618 0.00353809 -0.00126509 0.000632547 -0.0169828 0.0084914 -0.000909243 0.000454622 -0.00423231 0.00211615 0.00171225 -0.000856123 -0.0978614 0.0489307 -0.00881072 0.00440536 0.0383596 -0.0191798 -0.0186615 0.00933074 0.000447192 -0.000223596 -0.0117658 0.00588292 -0.00385453 0.00192726 
0.015866 -0.00793298 -0.00706011 0.00353005 -0.00126596 0.000632979 -0.0169551 0.00847753 -0.000905802 0.000452901 -0.00422564 0.00211282 0.00170767 -0.000853835 -0.0968107 0.0484054 -0.00877219 0.0043861 0.0379855 -0.0189927 -0.0187069 0.00935345 0.000434122 -0.000217061 -0.0117769 0.00588847 -0.00387251 0.00193625 
0.0158398 -0.00791988 -0.0070442 0.0035221 -0.00126623 0.000633116 -0.0169269 0.00846345 -0.00090222 0.00045111 -0.00421897 0.00210949 0.00170306 -0.000851531 -0.0957704 0.0478852 -0.00873586 0.00436793 0.0376141 -0.0188071 -0.018753 0.00937651 0.000422564 -0.000211282 -0.0117889 0.00589445 -0.00388983 0.00194492 
0.0158134 -0.00790671 -0.00702857 0.00351429 -0.00126706 0.000633529 -0.0168997 0.00844987 -0.000898919 0.00044946 -0.00421241 0.00210621 0.00169855 -0.000849273 -0.0947408 0.0473704 -0.00869952 0.00434976 0.037248 -0.018624 -0.018799 0.00939949 0.000410601 -0.0002053 -0.0117999 0.00589997 -0.00390743 0.00195372 
0.0157875 -0.00789374 -0.0070129 0.00350645 -0.00126739 0.000633694 -0.0168721 0.00843606 -0.000895467 0.000447734 -0.00420585 0.00210292 0.00169401 -0.000847003 -0.0937208 0.0468604 -0.00866253 0.00433126 0.0368847 -0.0184424 -0.0188443 0.00942214 0.000397795 -0.000198897 -0.0118116 0.00590581 -0.00392525 0.00196262 
0.0157615 -0.00788077 -0.00699738 0.00349869 -0.00126816 0.00063408 -0.0168453 0.00842265 -0.000892175 0.000446088 -0.00419942 0.00209971 0.0016896 -0.000844799 -0.0927109 0.0463555 -0.00862719 0.00431359 0.0365255 -0.0182628 -0.0188902 0.00944508 0.000386056 -0.000193028 -0.0118231 0.00591157 -0.00394271 0.00197136 
0.0157356 -0.00786782 -0.00698209 0.00349105 -0.00126881 0.000634403 -0.0168187 0.00840934 -0.000888977 0.000444489 -0.00419305 0.00209652 0.00168519 -0.000842594 -0.0917114 0.0458557 -0.00859096 0.00429548 0.0361693 -0.0180847 -0.018935 0.00946752 0.000373353 -0.000186677 -0.0118351 0.00591754 -0.00396041 0.00198021 
0.0157097 -0.00785486 -0.00696713 0.00348357 -0.00126978 0.000634888 -0.0167923 0.00839614 -0.000886129 0.000443064 -0.00418655 0.00209328 0.00168064 -0.000840318 -0.0907214 0.0453607 -0.00855638 0.00427819 0.0358172 -0.0179086 -0.0189805 0.00949027 0.00036172 -0.00018086 -0.0118468 0.00592342 -0.00397776 0.00198888 
0.0156837 -0.00784183 -0.00695213 0.00347607 -0.00127055 0.000635277 -0.016766 0.00838301 -0.000883296 0.000441648 -0.00418021 0.0020901 0.00167615 -0.000838077 -0.089741 0.0448705 -0.008521 0.0042605 0.0354679 -0.017734 -0.0190252 0.0095126 0.000349157 -0.000174578 -0.0118591 0.00592953 -0.00399535 0.00199767 
0.0156576 -0.00782881 -0.00693771 0.00346885 -0.0012718 0.000635901 -0.0167403 0.00837013 -0.000880881 0.000440441 -0.00417372 0.00208686 0.00167152 -0.000835758 -0.0887706 0.0443853 -0.00848722 0.00424361 0.0351219 -0.017561 -0.0190707 0.00953536 0.00033761 -0.000168805 -0.0118719 0.00593596 -0.00401264 0.00200632 
0.0156317 -0.00781583 -0.00692324 0.00346162 -0.0012727 0.000636348 -0.0167142 0.0083571 -0.000878445 0.000439222 -0.00416723 0.00208361 0.00166683 -0.000833414 -0.0878093 0.0439047 -0.00845245 0.00422623 0.0347796 -0.0173898 -0.0191155 0.00955774 0.000324861 -0.000162431 -0.0118846 0.0059423 -0.00403039 0.0020152 
0.0156029 -0.00780145 -0.00690626 0.00345313 -0.001271 0.000635502 -0.0166822 0.00834109 -0.000874929 0.000437465 -0.00416085 0.00208042 0.00166267 -0.000831337 -0.0868578 0.0434289 -0.00841927 0.00420963 0.0344408 -0.0172204 -0.0191606 0.00958028 0.000313143 -0.000156572 -0.0118975 0.00594875 -0.00404778 0.00202389 
