task_performance point_to_2_planes 
0.18741 6.93041e-310 -0.277364 1.14178e+243 
0.187409 -0.562228 -0.277362 0.832085 
0.187245 -0.561734 -0.277128 0.831385 
0.186548 -0.559643 -0.27613 0.828391 
0.185474 -0.556423 -0.274701 0.824102 
0.184919 -0.554758 -0.273883 0.821649 
0.183814 -0.551441 -0.272235 0.816706 
0.183263 -0.549789 -0.271416 0.814248 
0.182714 -0.548142 -0.270599 0.811798 
0.182167 -0.5465 -0.269785 0.809355 
0.181621 -0.544863 -0.268973 0.80692 
0.181077 -0.543231 -0.268164 0.804492 
0.180535 -0.541604 -0.267357 0.802071 
0.179455 -0.538364 -0.265751 0.797252 
0.178381 -0.535144 -0.264154 0.792461 
0.177314 -0.531943 -0.262566 0.787698 
0.176253 -0.52876 -0.260988 0.782965 
0.175199 -0.525598 -0.25942 0.778259 
0.174151 -0.522454 -0.25786 0.773581 
0.17363 -0.520889 -0.257084 0.771253 
0.17311 -0.519329 -0.256311 0.768932 
0.172074 -0.516223 -0.25477 0.76431 
0.171045 -0.513135 -0.253238 0.759715 
0.170022 -0.510066 -0.251716 0.755148 
0.169513 -0.508539 -0.250958 0.752874 
0.168499 -0.505497 -0.249449 0.748348 
0.167491 -0.502474 -0.247949 0.743848 
0.16699 -0.500969 -0.247203 0.741609 
0.165991 -0.497973 -0.245717 0.73715 
0.164504 -0.493512 -0.243504 0.730511 
0.16352 -0.490561 -0.242039 0.726118 
0.162542 -0.487627 -0.240584 0.721752 
0.16157 -0.48471 -0.239137 0.717411 
0.160604 -0.481811 -0.237699 0.713097 
0.160123 -0.480368 -0.236983 0.71095 
0.159643 -0.478929 -0.23627 0.708809 
0.158688 -0.476065 -0.234849 0.704546 
0.157739 -0.473217 -0.233437 0.70031 
0.157267 -0.4718 -0.232734 0.698201 
0.156796 -0.470387 -0.232033 0.696098 
0.155858 -0.467573 -0.230637 0.691912 
0.155391 -0.466173 -0.229943 0.689829 
0.154926 -0.464777 -0.22925 0.687751 
0.154462 -0.463385 -0.22856 0.68568 
0.153999 -0.461997 -0.227872 0.683616 
0.153538 -0.460613 -0.227186 0.681557 
0.152162 -0.456486 -0.22514 0.675419 
0.150799 -0.452397 -0.223112 0.669336 
0.150347 -0.451041 -0.22244 0.66732 
0.149897 -0.44969 -0.22177 0.665311 
0.149 -0.447001 -0.220437 0.66131 
0.148109 -0.444327 -0.219111 0.657333 
0.147223 -0.441669 -0.217794 0.653381 
0.146342 -0.439027 -0.216484 0.649452 
0.145467 -0.436401 -0.215182 0.645546 
0.144597 -0.433791 -0.213888 0.641664 
0.143732 -0.431196 -0.212602 0.637806 
0.143302 -0.429905 -0.211962 0.635885 
0.142872 -0.428617 -0.211324 0.633971 
0.142444 -0.427333 -0.210687 0.632062 
0.142018 -0.426053 -0.210053 0.630158 
0.141168 -0.423505 -0.20879 0.626369 
0.140324 -0.420972 -0.207534 0.622602 
0.139485 -0.418454 -0.206286 0.618859 
0.139067 -0.417201 -0.205665 0.616995 
0.138651 -0.415952 -0.205046 0.615137 
0.137821 -0.413464 -0.203813 0.611438 
0.136997 -0.410991 -0.202587 0.607761 
0.136178 -0.408534 -0.201369 0.604106 
0.13577 -0.40731 -0.200762 0.602287 
0.135363 -0.40609 -0.200158 0.600474 
0.134958 -0.404874 -0.199555 0.598665 
0.134554 -0.403662 -0.198954 0.596863 
0.134151 -0.402453 -0.198355 0.595065 
0.133349 -0.400047 -0.197162 0.591487 
0.132552 -0.397655 -0.195977 0.58793 
0.132155 -0.396464 -0.195387 0.58616 
0.131759 -0.395277 -0.194798 0.584394 
0.130579 -0.391737 -0.193044 0.579131 
0.130188 -0.390564 -0.192462 0.577387 
0.129798 -0.389395 -0.191883 0.575648 
0.128636 -0.385907 -0.190155 0.570464 
0.127867 -0.3836 -0.189011 0.567033 
0.127102 -0.381307 -0.187874 0.563623 
0.126342 -0.379027 -0.186745 0.560234 
0.125587 -0.376761 -0.185622 0.556865 
0.125211 -0.375633 -0.185063 0.555188 
0.124836 -0.374509 -0.184505 0.553516 
0.124463 -0.373388 -0.18395 0.551849 
0.123719 -0.371156 -0.182844 0.548531 
0.122979 -0.368937 -0.181744 0.545232 
0.122244 -0.366732 -0.180651 0.541953 
0.121513 -0.364539 -0.179565 0.538694 
0.121149 -0.363448 -0.179024 0.537072 
0.120787 -0.36236 -0.178485 0.535455 
0.120425 -0.361276 -0.177948 0.533843 
0.119705 -0.359116 -0.176878 0.530633 
0.11899 -0.35697 -0.175814 0.527442 
0.118279 -0.354836 -0.174757 0.524271 
0.117925 -0.353774 -0.174231 0.522692 
0.117572 -0.352715 -0.173706 0.521118 
0.11722 -0.35166 -0.173183 0.519549 
0.116869 -0.350607 -0.172662 0.517985 
0.116519 -0.349558 -0.172142 0.516425 
0.11617 -0.348511 -0.171623 0.51487 
0.115823 -0.347468 -0.171107 0.51332 
0.115476 -0.346428 -0.170592 0.511775 
0.114786 -0.344358 -0.169566 0.508698 
0.1141 -0.3423 -0.168546 0.505639 
0.113758 -0.341275 -0.168039 0.504117 
0.113418 -0.340254 -0.167533 0.5026 
0.113078 -0.339235 -0.167029 0.501086 
0.11274 -0.33822 -0.166526 0.499578 
0.112402 -0.337207 -0.166025 0.498074 
0.112066 -0.336198 -0.165525 0.496575 
0.111731 -0.335192 -0.165027 0.49508 
0.111396 -0.334188 -0.16453 0.49359 
0.111063 -0.333188 -0.164035 0.492104 
0.11073 -0.332191 -0.163541 0.490623 
0.110068 -0.330205 -0.162558 0.487674 
0.109739 -0.329216 -0.162069 0.486206 
0.10941 -0.328231 -0.161581 0.484743 
0.109083 -0.327248 -0.161095 0.483284 
0.108756 -0.326269 -0.16061 0.481829 
0.108431 -0.325292 -0.160126 0.480379 
0.108106 -0.324318 -0.159644 0.478933 
0.107782 -0.323347 -0.159164 0.477492 
0.10746 -0.322379 -0.158685 0.476055 
0.107138 -0.321414 -0.158207 0.474622 
0.106817 -0.320452 -0.157731 0.473193 
0.106179 -0.318536 -0.156783 0.470349 
0.105544 -0.316632 -0.155841 0.467523 
0.105228 -0.315684 -0.155372 0.466115 
0.104913 -0.314739 -0.154904 0.464713 
0.104599 -0.313797 -0.154438 0.463314 
0.103974 -0.311921 -0.15351 0.460529 
0.103662 -0.310987 -0.153048 0.459143 
0.103352 -0.310056 -0.152587 0.457761 
0.102734 -0.308203 -0.15167 0.45501 
0.102427 -0.30728 -0.151213 0.45364 
0.10212 -0.30636 -0.150758 0.452275 
0.101814 -0.305443 -0.150305 0.450914 
0.10151 -0.304529 -0.149852 0.449557 
0.100903 -0.302709 -0.148951 0.446854 
0.1003 -0.300899 -0.148056 0.444169 
0.0997001 -0.2991 -0.147166 0.441499 
0.0991042 -0.297313 -0.146282 0.438845 
0.0988076 -0.296423 -0.145841 0.437524 
0.0985118 -0.295535 -0.145402 0.436207 
0.097923 -0.293769 -0.144528 0.433585 
0.0973377 -0.292013 -0.14366 0.430979 
0.0967559 -0.290268 -0.142796 0.428388 
0.0961777 -0.288533 -0.141938 0.425813 
0.0956028 -0.286809 -0.141085 0.423254 
0.0950315 -0.285094 -0.140236 0.420709 
0.0947471 -0.284241 -0.139814 0.419443 
0.0944635 -0.283391 -0.139393 0.41818 
0.0941808 -0.282543 -0.138974 0.416922 
0.0933378 -0.280014 -0.137723 0.413168 
0.0927801 -0.27834 -0.136895 0.410684 
0.0922256 -0.276677 -0.136072 0.408216 
0.0919497 -0.275849 -0.135662 0.406987 
0.0914002 -0.274201 -0.134847 0.40454 
0.090854 -0.272562 -0.134036 0.402108 
0.0903112 -0.270934 -0.13323 0.399691 
0.090041 -0.270123 -0.132829 0.398488 
0.0897716 -0.269315 -0.132429 0.397288 
0.089503 -0.268509 -0.132031 0.396092 
0.0892352 -0.267706 -0.131633 0.3949 
0.088702 -0.266106 -0.130842 0.392526 
0.0881721 -0.264516 -0.130055 0.390166 
0.0879083 -0.263725 -0.129664 0.388992 
0.0876453 -0.262936 -0.129274 0.387821 
0.0871217 -0.261365 -0.128496 0.385489 
0.0866012 -0.259804 -0.127724 0.383172 
0.0860839 -0.258252 -0.126956 0.380868 
0.0855697 -0.256709 -0.126193 0.378579 
0.0850585 -0.255176 -0.125434 0.376303 
0.0848041 -0.254412 -0.125057 0.37517 
0.0845505 -0.253651 -0.12468 0.37404 
0.0842976 -0.252893 -0.124305 0.372914 
0.0840455 -0.252136 -0.123931 0.371792 
0.0835435 -0.25063 -0.123186 0.369557 
0.0832937 -0.249881 -0.122815 0.368444 
0.0827962 -0.248389 -0.122076 0.366229 
0.0825486 -0.247646 -0.121709 0.365126 
0.0823018 -0.246905 -0.121342 0.364027 
0.0818103 -0.245431 -0.120613 0.361839 
0.0813218 -0.243965 -0.119888 0.359663 
0.0810787 -0.243236 -0.119527 0.358581 
0.0808363 -0.242509 -0.119167 0.357501 
0.0805947 -0.241784 -0.118808 0.356425 
0.0801148 -0.240344 -0.118094 0.354283 
0.079638 -0.238914 -0.117385 0.352154 
0.0791641 -0.237492 -0.11668 0.350039 
0.0786928 -0.236079 -0.115979 0.347936 
0.0784582 -0.235375 -0.11563 0.34689 
0.0782243 -0.234673 -0.115282 0.345846 
0.0779912 -0.233973 -0.114935 0.344806 
0.0777587 -0.233276 -0.11459 0.343769 
0.0775269 -0.232581 -0.114245 0.342735 
0.0772958 -0.231887 -0.113901 0.341704 
0.0768357 -0.230507 -0.113217 0.339651 
0.0766067 -0.22982 -0.112876 0.338629 
0.0763784 -0.229135 -0.112537 0.337611 
0.0759238 -0.227771 -0.111861 0.335583 
0.0754718 -0.226416 -0.111189 0.333567 
0.0752469 -0.225741 -0.110855 0.332564 
0.0750226 -0.225068 -0.110521 0.331564 
0.0745761 -0.223728 -0.109857 0.329572 
0.0741322 -0.222397 -0.109198 0.327593 
0.0736909 -0.221073 -0.108542 0.325625 
0.0732523 -0.219757 -0.10789 0.32367 
0.0728163 -0.218449 -0.107242 0.321726 
0.0723828 -0.217148 -0.106598 0.319794 
0.071952 -0.215856 -0.105958 0.317873 
0.0717375 -0.215212 -0.105639 0.316917 
0.0715237 -0.214571 -0.105321 0.315964 
0.0713105 -0.213931 -0.105005 0.315014 
0.070886 -0.212658 -0.104374 0.313122 
0.070464 -0.211392 -0.103747 0.311242 
0.070254 -0.210762 -0.103435 0.310306 
0.0698358 -0.209507 -0.102814 0.308442 
0.0696276 -0.208883 -0.102505 0.307515 
0.0692131 -0.207639 -0.101889 0.305668 
0.0688011 -0.206403 -0.101277 0.303832 
0.068596 -0.205788 -0.100973 0.302919 
0.0683915 -0.205174 -0.100669 0.302008 
0.0681876 -0.204563 -0.100366 0.301099 
0.0679844 -0.203953 -0.100065 0.300194 
0.0677817 -0.203345 -0.0997638 0.299291 
0.0673782 -0.202135 -0.0991647 0.297494 
0.066977 -0.200931 -0.0985692 0.295707 
0.0665783 -0.199735 -0.0979772 0.293932 
0.0663798 -0.199139 -0.0976826 0.293048 
0.0659846 -0.197954 -0.097096 0.291288 
0.0655918 -0.196775 -0.0965129 0.289539 
0.0650069 -0.195021 -0.0956448 0.286934 
0.0646199 -0.19386 -0.0950704 0.285211 
0.0644272 -0.193282 -0.0947845 0.284354 
0.0642352 -0.192705 -0.0944995 0.283499 
0.0640437 -0.192131 -0.0942153 0.282646 
0.0636624 -0.190987 -0.0936495 0.280949 
0.0632833 -0.18985 -0.0930871 0.279261 
0.0629065 -0.18872 -0.0925281 0.277584 
0.062719 -0.188157 -0.0922499 0.27675 
0.0623456 -0.187037 -0.0916959 0.275088 
0.0621597 -0.186479 -0.0914201 0.27426 
0.0619744 -0.185923 -0.0911452 0.273436 
0.0617896 -0.185369 -0.0908711 0.272613 
0.0614217 -0.184265 -0.0903254 0.270976 
0.061056 -0.183168 -0.089783 0.269349 
0.0606925 -0.182077 -0.0892438 0.267731 
0.0603311 -0.180993 -0.0887078 0.266124 
0.0599719 -0.179916 -0.0881751 0.264525 
0.0596148 -0.178844 -0.0876456 0.262937 
0.0592598 -0.177779 -0.0871192 0.261358 
0.0590831 -0.177249 -0.0868572 0.260572 
0.058907 -0.176721 -0.086596 0.259788 
0.0585562 -0.175669 -0.086076 0.258228 
0.0582076 -0.174623 -0.085559 0.256677 
0.058034 -0.174102 -0.0853018 0.255905 
0.057861 -0.173583 -0.0850452 0.255136 
0.0575164 -0.172549 -0.0845345 0.253603 
0.057174 -0.171522 -0.0840268 0.25208 
0.0568335 -0.170501 -0.0835222 0.250567 
0.0566641 -0.169992 -0.083271 0.249813 
0.0564951 -0.169485 -0.0830206 0.249062 
0.0563267 -0.16898 -0.0827709 0.248313 
0.0558243 -0.167473 -0.0820264 0.246079 
0.0554919 -0.166476 -0.0815338 0.244601 
0.0551615 -0.165484 -0.0810441 0.243132 
0.0546695 -0.164008 -0.0803151 0.240945 
0.0543439 -0.163032 -0.0798328 0.239498 
0.0540203 -0.162061 -0.0793534 0.23806 
0.0536987 -0.161096 -0.0788768 0.23663 
0.0535385 -0.160616 -0.0786396 0.235919 
0.0532197 -0.159659 -0.0781673 0.234502 
0.053061 -0.159183 -0.0779322 0.233797 
0.0527451 -0.158235 -0.0774642 0.232393 
0.052431 -0.157293 -0.076999 0.230997 
0.0521188 -0.156356 -0.0765366 0.22961 
0.0518084 -0.155425 -0.0760769 0.228231 
0.0516539 -0.154962 -0.0758481 0.227544 
0.0513463 -0.154039 -0.0753926 0.226178 
0.0511932 -0.15358 -0.0751659 0.225498 
0.0508884 -0.152665 -0.0747144 0.224143 
0.0505853 -0.151756 -0.0742657 0.222797 
0.0504345 -0.151303 -0.0740424 0.222127 
0.0502841 -0.150852 -0.0738197 0.221459 
0.0501341 -0.150402 -0.0735977 0.220793 
0.0499846 -0.149954 -0.0733764 0.220129 
0.0495388 -0.148616 -0.0727164 0.218149 
0.0492438 -0.147731 -0.0722797 0.216839 
0.0489506 -0.146852 -0.0718456 0.215537 
0.0488046 -0.146414 -0.0716295 0.214889 
0.048514 -0.145542 -0.0711993 0.213598 
0.0480813 -0.144244 -0.0705589 0.211677 
0.0477949 -0.143385 -0.0701351 0.210405 
0.0475103 -0.142531 -0.0697139 0.209142 
0.0472274 -0.141682 -0.0692952 0.207886 
0.0469461 -0.140838 -0.0688791 0.206637 
0.0466666 -0.14 -0.0684654 0.205396 
0.0463887 -0.139166 -0.0680542 0.204163 
0.0461124 -0.138337 -0.0676455 0.202937 
0.0458378 -0.137513 -0.0672393 0.201718 
0.0457011 -0.137103 -0.0670371 0.201111 
0.0455648 -0.136694 -0.0668354 0.200506 
0.045429 -0.136287 -0.0666345 0.199903 
0.0452935 -0.13588 -0.0664341 0.199302 
0.0450238 -0.135071 -0.0660351 0.198105 
0.0447556 -0.134267 -0.0656385 0.196915 
0.0444891 -0.133467 -0.0652443 0.195733 
0.0442242 -0.132672 -0.0648525 0.194557 
0.0439608 -0.131882 -0.064463 0.193389 
0.043699 -0.131097 -0.0640758 0.192228 
0.0434388 -0.130316 -0.063691 0.191073 
0.0431801 -0.12954 -0.0633085 0.189926 
0.0430513 -0.129154 -0.0631181 0.189354 
0.0429229 -0.128769 -0.0629283 0.188785 
0.0426673 -0.128002 -0.0625504 0.187651 
0.0424132 -0.12724 -0.0621747 0.186524 
0.0421606 -0.126482 -0.0618013 0.185404 
0.0420349 -0.126105 -0.0616155 0.184846 
0.0419096 -0.125729 -0.0614302 0.184291 
0.0417846 -0.125354 -0.0612455 0.183736 
0.0415358 -0.124607 -0.0608776 0.182633 
0.0412884 -0.123865 -0.060512 0.181536 
0.0410425 -0.123128 -0.0601486 0.180446 
0.0406764 -0.122029 -0.0596076 0.178823 
0.0404342 -0.121303 -0.0592496 0.177749 
0.0401934 -0.12058 -0.0588938 0.176681 
0.0399541 -0.119862 -0.0585401 0.17562 
0.0398349 -0.119505 -0.058364 0.175092 
0.0395977 -0.118793 -0.0580135 0.174041 
0.0393619 -0.118086 -0.0576651 0.172995 
0.0391275 -0.117382 -0.0573188 0.171956 
0.0388945 -0.116683 -0.0569746 0.170924 
0.0387785 -0.116335 -0.0568032 0.17041 
0.0386628 -0.115988 -0.0566324 0.169897 
0.0385475 -0.115643 -0.0564621 0.169386 
0.038318 -0.114954 -0.056123 0.168369 
0.0380898 -0.114269 -0.055786 0.167358 
0.0377501 -0.11325 -0.0552842 0.165853 
0.0375252 -0.112576 -0.0549522 0.164857 
0.0373018 -0.111905 -0.0546222 0.163866 
0.0370796 -0.111239 -0.0542941 0.162882 
0.0368588 -0.110576 -0.053968 0.161904 
0.0367489 -0.110247 -0.0538058 0.161417 
0.0366393 -0.109918 -0.0536439 0.160932 
0.0364211 -0.109263 -0.0533218 0.159965 
0.0362043 -0.108613 -0.0530016 0.159005 
0.0359887 -0.107966 -0.0526833 0.15805 
0.0357743 -0.107323 -0.0523669 0.157101 
0.0356677 -0.107003 -0.0522094 0.156628 
0.0355613 -0.106684 -0.0520524 0.156157 
0.0354553 -0.106366 -0.0518959 0.155688 
0.0352441 -0.105732 -0.0515842 0.154753 
0.0350342 -0.105103 -0.0512744 0.153823 
0.0348256 -0.104477 -0.0509665 0.152899 
0.034515 -0.103545 -0.0505081 0.151524 
0.0343095 -0.102928 -0.0502047 0.150614 
0.0341052 -0.102315 -0.0499032 0.14971 
0.0339021 -0.101706 -0.0496035 0.148811 
0.033801 -0.101403 -0.0494544 0.148363 
0.0335997 -0.100799 -0.0491574 0.147472 
0.0333996 -0.100199 -0.0488622 0.146587 
0.0332007 -0.0996022 -0.0485687 0.145706 
0.033003 -0.0990091 -0.0482771 0.144831 
0.0329046 -0.0987138 -0.0481319 0.144396 
0.0328065 -0.0984195 -0.0479871 0.143961 
0.0327087 -0.098126 -0.0478428 0.143528 
0.0326111 -0.0978334 -0.047699 0.143097 
0.0324169 -0.0972508 -0.0474125 0.142238 
0.0322239 -0.0966717 -0.0471278 0.141383 
0.0319365 -0.0958095 -0.0467039 0.140112 
0.0316517 -0.094955 -0.0462838 0.138851 
0.0314632 -0.0943896 -0.0460059 0.138018 
0.0312759 -0.0938276 -0.0457296 0.137189 
0.0310896 -0.0932688 -0.045455 0.136365 
0.0309045 -0.0927135 -0.045182 0.135546 
0.0308123 -0.092437 -0.0450461 0.135138 
0.0306289 -0.0918866 -0.0447756 0.134327 
0.0304465 -0.0913395 -0.0445067 0.13352 
0.0303557 -0.0910671 -0.0443729 0.133119 
0.0301749 -0.0905248 -0.0441064 0.132319 
0.0299953 -0.0899858 -0.0438415 0.131525 
0.0299058 -0.0897175 -0.0437097 0.131129 
0.0298167 -0.08945 -0.0435783 0.130735 
0.0297278 -0.0891833 -0.0434472 0.130342 
0.0296391 -0.0889174 -0.0433165 0.12995 
0.0295508 -0.0886523 -0.0431863 0.129559 
0.0294626 -0.0883879 -0.0430564 0.129169 
0.0292872 -0.0878616 -0.0427979 0.128394 
0.0291128 -0.0873385 -0.0425408 0.127623 
0.029026 -0.0870781 -0.0424129 0.127239 
0.0289395 -0.0868184 -0.0422854 0.126856 
0.0288532 -0.0865596 -0.0421582 0.126475 
0.0287672 -0.0863015 -0.0420314 0.126094 
0.0286814 -0.0860442 -0.041905 0.125715 
0.0285959 -0.0857876 -0.041779 0.125337 
0.0284256 -0.0852768 -0.0415281 0.124584 
0.0283409 -0.0850226 -0.0414033 0.12421 
0.0282564 -0.0847691 -0.0412788 0.123836 
0.0281721 -0.0845163 -0.0411546 0.123464 
0.0280881 -0.0842644 -0.0410309 0.123093 
0.0280044 -0.0840131 -0.0409075 0.122722 
0.0278376 -0.0835129 -0.0406618 0.121986 
0.0276719 -0.0830156 -0.0404176 0.121253 
0.0275894 -0.0827681 -0.0402961 0.120888 
0.0275071 -0.0825214 -0.0401749 0.120525 
0.0274251 -0.0822753 -0.0400541 0.120162 
0.0273433 -0.08203 -0.0399337 0.119801 
0.0272618 -0.0817855 -0.0398136 0.119441 
0.0271805 -0.0815416 -0.0396939 0.119082 
0.0270995 -0.0812985 -0.0395745 0.118723 
0.0270187 -0.0810561 -0.0394555 0.118366 
0.0269382 -0.0808145 -0.0393368 0.118011 
0.0268578 -0.0805735 -0.0392186 0.117656 
0.0266979 -0.0800938 -0.038983 0.116949 
0.026539 -0.0796169 -0.0387489 0.116247 
0.026381 -0.0791429 -0.0385162 0.115549 
0.0261457 -0.0784372 -0.0381698 0.114509 
0.0259901 -0.0779702 -0.0379406 0.113822 
0.0258353 -0.077506 -0.0377128 0.113138 
0.0256815 -0.0770445 -0.0374863 0.112459 
0.0256049 -0.0768148 -0.0373736 0.112121 
0.0255286 -0.0765858 -0.0372612 0.111784 
0.0253766 -0.0761299 -0.0370374 0.111112 
0.0252255 -0.0756766 -0.036815 0.110445 
0.0250754 -0.0752261 -0.0365939 0.109782 
0.0249261 -0.0747782 -0.0363742 0.109123 
0.0248518 -0.0745553 -0.0362648 0.108794 
0.0247777 -0.074333 -0.0361557 0.108467 
0.0247038 -0.0741114 -0.036047 0.108141 
0.0246302 -0.0738905 -0.0359386 0.107816 
0.0244835 -0.0734506 -0.0357228 0.107168 
0.0243378 -0.0730133 -0.0355083 0.106525 
0.0241929 -0.0725787 -0.035295 0.105885 
0.0239772 -0.0719315 -0.0349776 0.104933 
0.0238344 -0.0715033 -0.0347676 0.104303 
0.0236925 -0.0710776 -0.0345588 0.103676 
0.0236219 -0.0708657 -0.0344548 0.103365 
0.0235515 -0.0706545 -0.0343512 0.103054 
0.0234113 -0.0702339 -0.034145 0.102435 
0.0232719 -0.0698158 -0.0339399 0.10182 
0.0231334 -0.0694001 -0.0337361 0.101208 
0.0229957 -0.068987 -0.0335335 0.100601 
0.0229271 -0.0687814 -0.0334327 0.100298 
0.0228588 -0.0685763 -0.0333321 0.0999964 
0.0227906 -0.0683719 -0.0332319 0.0996957 
0.0227227 -0.0681681 -0.033132 0.0993959 
0.0225874 -0.0677623 -0.032933 0.098799 
0.022453 -0.067359 -0.0327352 0.0982057 
0.0223193 -0.066958 -0.0325387 0.097616 
0.0222528 -0.0667584 -0.0324408 0.0973225 
0.0221865 -0.0665594 -0.0323433 0.0970298 
0.0221203 -0.066361 -0.032246 0.096738 
0.0220544 -0.0661632 -0.032149 0.0964471 
0.0219887 -0.065966 -0.0320524 0.0961571 
0.0219231 -0.0657694 -0.031956 0.0958679 
0.0218578 -0.0655733 -0.0318599 0.0955796 
0.0217926 -0.0653779 -0.0317641 0.0952922 
0.0217277 -0.065183 -0.0316686 0.0950057 
0.0215983 -0.064795 -0.0314784 0.0944352 
0.0214698 -0.0644093 -0.0312894 0.0938681 
0.021342 -0.0640259 -0.0311015 0.0933044 
0.0212149 -0.0636448 -0.0309147 0.0927441 
0.0211517 -0.0634552 -0.0308217 0.0924652 
0.0210887 -0.063266 -0.030729 0.0921871 
0.0209632 -0.0628895 -0.0305445 0.0916335 
0.0208384 -0.0625151 -0.0303611 0.0910833 
0.0207143 -0.062143 -0.0301788 0.0905363 
0.0205911 -0.0617732 -0.0299975 0.0899926 
0.0205297 -0.061589 -0.0299073 0.089722 
0.0204685 -0.0614055 -0.0298174 0.0894522 
0.0204075 -0.0612225 -0.0297277 0.0891832 
0.0203467 -0.06104 -0.0296383 0.088915 
0.0202256 -0.0606767 -0.0294603 0.088381 
0.0201052 -0.0603156 -0.0292834 0.0878503 
0.0199855 -0.0599566 -0.0291076 0.0873228 
0.019926 -0.0597779 -0.0290201 0.0870602 
0.0198666 -0.0595997 -0.0289328 0.0867984 
0.0198074 -0.0594221 -0.0288458 0.0865374 
0.0197483 -0.059245 -0.028759 0.0862771 
0.0196895 -0.0590685 -0.0286726 0.0860177 
0.0196308 -0.0588924 -0.0285863 0.085759 
0.0195723 -0.0587169 -0.0285004 0.0855011 
0.0194558 -0.0583675 -0.0283292 0.0849877 
0.01934 -0.0580201 -0.0281591 0.0844773 
0.0192824 -0.0578472 -0.0280744 0.0842233 
0.0191676 -0.0575029 -0.0279058 0.0837175 
0.0190536 -0.0571607 -0.0277383 0.0832148 
0.0189402 -0.0568205 -0.0275717 0.082715 
0.0188275 -0.0564824 -0.0274061 0.0822183 
0.0187154 -0.0561463 -0.0272415 0.0817246 
0.018604 -0.0558121 -0.0270779 0.0812338 
0.0184933 -0.05548 -0.0269153 0.080746 
0.0184382 -0.0553147 -0.0268344 0.0805032 
0.0183833 -0.0551498 -0.0267537 0.0802611 
0.0183285 -0.0549855 -0.0266732 0.0800197 
0.0182739 -0.0548216 -0.026593 0.0797791 
0.018111 -0.054333 -0.0263538 0.0790615 
0.0180032 -0.0540097 -0.0261956 0.0785867 
0.0178428 -0.0535283 -0.02596 0.0778799 
0.0177896 -0.0533688 -0.0258819 0.0776457 
0.0176838 -0.0530513 -0.0257265 0.0771795 
0.0175785 -0.0527356 -0.025572 0.076716 
0.0174739 -0.0524218 -0.0254184 0.0762553 
0.01737 -0.0521099 -0.0252658 0.0757973 
0.0172666 -0.0517998 -0.025114 0.0753421 
0.0171639 -0.0514916 -0.0249632 0.0748897 
0.0170617 -0.0511852 -0.0248133 0.07444 
0.0169602 -0.0508807 -0.0246643 0.0739929 
0.0169097 -0.0507291 -0.0245901 0.0737704 
0.0168593 -0.0505779 -0.0245162 0.0735486 
0.0168091 -0.0504272 -0.0244425 0.0733274 
0.0166593 -0.0499779 -0.0242226 0.0726678 
0.0165602 -0.0496805 -0.0240771 0.0722314 
0.0164616 -0.0493849 -0.0239326 0.0717977 
0.0163637 -0.0490911 -0.0237888 0.0713665 
0.0162663 -0.048799 -0.023646 0.0709379 
0.0162179 -0.0486536 -0.0235749 0.0707246 
0.0161214 -0.0483642 -0.0234333 0.0702999 
0.0160255 -0.0480765 -0.0232926 0.0698777 
0.0159301 -0.0477904 -0.0231527 0.069458 
0.0158827 -0.0476481 -0.0230831 0.0692492 
0.0158354 -0.0475061 -0.0230136 0.0690409 
0.0157882 -0.0473646 -0.0229444 0.0688333 
0.0157412 -0.0472235 -0.0228754 0.0686263 
0.0156475 -0.0469426 -0.0227381 0.0682142 
0.0155544 -0.0466633 -0.0226015 0.0678045 
0.0154619 -0.0463857 -0.0224658 0.0673973 
0.0154159 -0.0462476 -0.0223982 0.0671946 
0.0153699 -0.0461098 -0.0223309 0.0669926 
0.0153241 -0.0459724 -0.0222637 0.0667911 
0.0152785 -0.0458355 -0.0221967 0.0665902 
0.015233 -0.045699 -0.02213 0.06639 
0.0151424 -0.0454271 -0.0219971 0.0659913 
0.0150973 -0.0452918 -0.0219309 0.0657928 
0.0150523 -0.0451569 -0.021865 0.065595 
0.0150075 -0.0450224 -0.0217992 0.0653977 
0.0149182 -0.0447546 -0.0216683 0.0650049 
0.0148295 -0.0444884 -0.0215382 0.0646146 
0.0147853 -0.0443559 -0.0214734 0.0644202 
0.0147412 -0.0442237 -0.0214088 0.0642265 
0.0146973 -0.044092 -0.0213445 0.0640334 
0.0146536 -0.0439607 -0.0212803 0.0638408 
0.0145664 -0.0436992 -0.0211525 0.0634574 
0.014523 -0.043569 -0.0210889 0.0632666 
0.0144366 -0.0433099 -0.0209622 0.0628866 
0.0143936 -0.0431809 -0.0208992 0.0626975 
0.0143508 -0.0430523 -0.0208363 0.0625089 
0.014308 -0.0429241 -0.0207737 0.062321 
0.0142654 -0.0427963 -0.0207112 0.0621335 
0.0141806 -0.0425417 -0.0205868 0.0617604 
0.0140962 -0.0422887 -0.0204632 0.0613895 
0.0140124 -0.0420372 -0.0203403 0.0610208 
0.0139291 -0.0417872 -0.0202181 0.0606544 
0.0138462 -0.0415386 -0.0200967 0.0602901 
0.013805 -0.0414149 -0.0200363 0.0601088 
0.0137639 -0.0412916 -0.019976 0.059928 
0.013682 -0.0410461 -0.019856 0.0595681 
0.0136006 -0.0408019 -0.0197368 0.0592103 
0.0135601 -0.0406804 -0.0196774 0.0590323 
0.0134795 -0.0404385 -0.0195593 0.0586778 
0.0134394 -0.0403181 -0.0195004 0.0585013 
0.0133594 -0.0400783 -0.0193833 0.0581499 
0.01328 -0.03984 -0.0192669 0.0578007 
0.0132405 -0.0397214 -0.0192089 0.0576268 
0.013201 -0.0396031 -0.0191512 0.0574535 
0.0131617 -0.0394852 -0.0190936 0.0572807 
0.0131225 -0.0393676 -0.0190362 0.0571085 
0.0130445 -0.0391335 -0.0189218 0.0567655 
0.0129669 -0.0389008 -0.0188082 0.0564246 
0.0128898 -0.0386695 -0.0186952 0.0560857 
0.0128515 -0.0385544 -0.018639 0.055917 
0.0128132 -0.0384396 -0.018583 0.0557489 
0.0126991 -0.0380973 -0.0184158 0.0552474 
0.0126236 -0.0378707 -0.0183052 0.0549156 
0.0125485 -0.0376456 -0.0181953 0.0545858 
0.0125112 -0.0375335 -0.0181405 0.0544216 
0.0124739 -0.0374217 -0.018086 0.0542579 
0.0124368 -0.0373103 -0.0180316 0.0540947 
0.0123997 -0.0371992 -0.0179773 0.053932 
0.0123628 -0.0370885 -0.0179233 0.0537698 
0.012326 -0.0369781 -0.0178694 0.0536081 
0.0122893 -0.036868 -0.0178156 0.0534469 
0.0122528 -0.0367583 -0.017762 0.0532861 
0.0121799 -0.0365397 -0.0176554 0.0529661 
0.0121075 -0.0363225 -0.0175493 0.052648 
0.0120355 -0.0361065 -0.0174439 0.0523318 
0.0119997 -0.0359991 -0.0173915 0.0521744 
0.011964 -0.0358919 -0.0173392 0.0520175 
0.0119284 -0.0357851 -0.017287 0.051861 
0.0118928 -0.0356785 -0.017235 0.0517051 
0.0118574 -0.0355723 -0.0171832 0.0515495 
0.0118221 -0.0354664 -0.0171315 0.0513945 
0.011787 -0.0353609 -0.01708 0.0512399 
0.0117519 -0.0352556 -0.0170286 0.0510858 
0.0117169 -0.0351507 -0.0169774 0.0509322 
0.011682 -0.035046 -0.0169263 0.050779 
0.0116126 -0.0348377 -0.0168247 0.050474 
0.0115435 -0.0346306 -0.0167236 0.0501709 
0.0114749 -0.0344248 -0.0166232 0.0498695 
0.0114408 -0.0343223 -0.0165732 0.0497195 
0.0114067 -0.0342202 -0.0165233 0.04957 
0.0113728 -0.0341183 -0.0164736 0.0494209 
0.0113389 -0.0340168 -0.0164241 0.0492722 
0.0113052 -0.0339155 -0.0163747 0.049124 
0.0112715 -0.0338146 -0.0163254 0.0489763 
0.011238 -0.0337139 -0.0162763 0.048829 
0.0112045 -0.0336136 -0.0162274 0.0486821 
0.0111712 -0.0335136 -0.0161786 0.0485357 
0.0111379 -0.0334138 -0.0161299 0.0483897 
0.0110717 -0.0332152 -0.016033 0.0480991 
0.0110059 -0.0330178 -0.0159367 0.0478102 
0.0109405 -0.0328216 -0.015841 0.047523 
0.010908 -0.0327239 -0.0157934 0.0473801 
0.0108432 -0.0325295 -0.0156985 0.0470955 
0.0107787 -0.0323361 -0.0156042 0.0468126 
0.0107147 -0.032144 -0.0155105 0.0465314 
0.0106828 -0.0320483 -0.0154638 0.0463915 
0.010651 -0.0319529 -0.0154173 0.046252 
0.0105877 -0.0317631 -0.0153247 0.0459741 
0.0105248 -0.0315743 -0.0152327 0.045698 
0.0104622 -0.0313867 -0.0151412 0.0454235 
0.0104001 -0.0312002 -0.0150502 0.0451506 
0.0103383 -0.0310148 -0.0149598 0.0448794 
0.0103075 -0.0309225 -0.0149148 0.0447445 
0.0102463 -0.0307388 -0.0148252 0.0444757 
0.0102158 -0.0306473 -0.0147807 0.044342 
0.0101551 -0.0304652 -0.0146919 0.0440756 
0.0100948 -0.0302843 -0.0146036 0.0438108 
0.0100348 -0.0301043 -0.0145159 0.0435476 
0.0100049 -0.0300148 -0.0144722 0.0434167 
0.00997516 -0.0299255 -0.0144287 0.0432861 
0.00994548 -0.0298364 -0.0143853 0.0431559 
0.00988639 -0.0296592 -0.0142989 0.0428967 
0.00982766 -0.029483 -0.014213 0.042639 
0.00976928 -0.0293078 -0.0141276 0.0423829 
0.00971125 -0.0291337 -0.0140427 0.0421282 
0.00965356 -0.0289607 -0.0139584 0.0418752 
0.00959621 -0.0287886 -0.0138745 0.0416236 
0.00953921 -0.0286176 -0.0137912 0.0413736 
0.00951084 -0.0285325 -0.0137497 0.0412492 
0.00945434 -0.028363 -0.0136671 0.0410014 
0.00939819 -0.0281946 -0.013585 0.0407551 
0.00934236 -0.0280271 -0.0135034 0.0405103 
0.00928688 -0.0278606 -0.0134223 0.0402669 
0.00925926 -0.0277778 -0.0133819 0.0401458 
0.00923172 -0.0276952 -0.0133417 0.040025 
0.00920426 -0.0276128 -0.0133015 0.0399046 
0.00917689 -0.0275307 -0.0132615 0.0397846 
0.00912239 -0.0273672 -0.0131819 0.0395456 
0.0090682 -0.0272046 -0.0131027 0.0393081 
0.00901435 -0.0270431 -0.013024 0.0390719 
0.00896082 -0.0268825 -0.0129457 0.0388372 
0.00890761 -0.0267228 -0.012868 0.0386039 
0.00885472 -0.0265641 -0.0127907 0.038372 
0.00880213 -0.0264064 -0.0127138 0.0381415 
0.00877596 -0.0263279 -0.0126756 0.0380267 
0.00872385 -0.0261715 -0.0125994 0.0377983 
0.00867205 -0.0260161 -0.0125237 0.0375712 
0.00862056 -0.0258617 -0.0124485 0.0373455 
0.00856938 -0.0257081 -0.0123737 0.0371211 
0.0085185 -0.0255555 -0.0122994 0.0368981 
0.00846792 -0.0254038 -0.0122255 0.0366765 
0.00841765 -0.0252529 -0.012152 0.0364561 
0.00836767 -0.025103 -0.012079 0.0362371 
0.0083428 -0.0250284 -0.0120427 0.0361281 
0.008318 -0.024954 -0.0120065 0.0360194 
0.00829327 -0.0248798 -0.0119703 0.035911 
0.00824404 -0.0247321 -0.0118984 0.0356953 
0.00819511 -0.0245853 -0.0118269 0.0354808 
0.00814646 -0.0244394 -0.0117559 0.0352677 
0.0080981 -0.0242943 -0.0116853 0.0350558 
0.00805003 -0.0241501 -0.0116151 0.0348452 
0.00802611 -0.0240783 -0.0115801 0.0347404 
0.00800225 -0.0240067 -0.0115453 0.0346358 
0.00795476 -0.0238643 -0.0114759 0.0344277 
0.00790754 -0.0237226 -0.011407 0.0342209 
0.00786061 -0.0235818 -0.0113384 0.0340153 
0.00781396 -0.0234419 -0.0112703 0.0338109 
0.00776758 -0.0233028 -0.0112026 0.0336078 
0.00772149 -0.0231645 -0.0111353 0.0334059 
0.00769854 -0.0230956 -0.0111018 0.0333054 
0.00767567 -0.023027 -0.0110684 0.0332052 
0.00765286 -0.0229586 -0.0110351 0.0331052 
0.00763012 -0.0228904 -0.0110019 0.0330056 
0.00758485 -0.0227545 -0.0109358 0.0328073 
0.00753984 -0.0226195 -0.0108701 0.0326102 
0.0074951 -0.0224853 -0.0108048 0.0324143 
0.00745063 -0.0223519 -0.0107399 0.0322196 
0.00742849 -0.0222855 -0.0107075 0.0321226 
0.00740642 -0.0222193 -0.0106753 0.032026 
0.00736248 -0.0220874 -0.0106112 0.0318335 
0.0073188 -0.0219564 -0.0105474 0.0316422 
0.00727538 -0.0218262 -0.010484 0.0314521 
0.00725377 -0.0217613 -0.0104525 0.0313575 
0.00721075 -0.0216322 -0.0103897 0.0311691 
0.00718933 -0.021568 -0.0103584 0.0310753 
0.00716797 -0.0215039 -0.0103273 0.0309818 
0.00714667 -0.02144 -0.0102962 0.0308886 
0.00712544 -0.0213763 -0.0102652 0.0307957 
0.00710428 -0.0213129 -0.0102343 0.030703 
0.00706214 -0.0211864 -0.0101728 0.0305185 
0.00702026 -0.0210608 -0.0101117 0.0303351 
0.00697862 -0.0209359 -0.0100509 0.0301528 
0.00695789 -0.0208737 -0.0100207 0.0300621 
0.00691662 -0.0207499 -0.00996048 0.0298814 
0.0068756 -0.0206268 -0.00990063 0.0297019 
0.00683482 -0.0205045 -0.00984115 0.0295234 
0.00679429 -0.0203829 -0.009782 0.029346 
0.006754 -0.020262 -0.00972321 0.0291696 
0.00673395 -0.0202018 -0.00969395 0.0290819 
0.00671395 -0.0201419 -0.00966478 0.0289943 
0.00669402 -0.020082 -0.0096357 0.0289071 
0.00665432 -0.019963 -0.0095778 0.0287334 
0.00661486 -0.0198446 -0.00952025 0.0285608 
0.00657564 -0.0197269 -0.00946305 0.0283892 
0.00653665 -0.01961 -0.00940617 0.0282185 
0.00651725 -0.0195517 -0.00937786 0.0281336 
0.0064979 -0.0194937 -0.00934964 0.0280489 
0.00647861 -0.0194358 -0.0093215 0.0279645 
0.0064402 -0.0193206 -0.00926548 0.0277964 
0.00640203 -0.0192061 -0.0092098 0.0276294 
0.00636407 -0.0190922 -0.00915446 0.0274634 
0.00632634 -0.018979 -0.00909946 0.0272984 
0.00628885 -0.0188665 -0.00904477 0.0271343 
0.00625157 -0.0187547 -0.00899041 0.0269712 
0.00621452 -0.0186436 -0.00893637 0.0268091 
0.00619607 -0.0185882 -0.00890948 0.0267284 
0.00615935 -0.0184781 -0.00885593 0.0265678 
0.00614107 -0.0184232 -0.00882928 0.0264878 
0.00610467 -0.018314 -0.00877622 0.0263287 
0.00606849 -0.0182055 -0.00872349 0.0261705 
0.00605049 -0.0181515 -0.00869722 0.0260917 
0.00603253 -0.0180976 -0.00867105 0.0260131 
0.00601463 -0.0180439 -0.00864495 0.0259348 
0.005979 -0.017937 -0.00859298 0.025779 
0.00594357 -0.0178307 -0.00854134 0.025624 
0.00590835 -0.0177251 -0.00849 0.02547 
0.00587334 -0.01762 -0.00843898 0.0253169 
0.00583854 -0.0175156 -0.00838827 0.0251648 
0.00582122 -0.0174637 -0.00836303 0.0250891 
0.00580395 -0.0174118 -0.00833786 0.0250136 
0.00578673 -0.0173602 -0.00831276 0.0249383 
0.00576956 -0.0173087 -0.00828774 0.0248632 
0.00575245 -0.0172574 -0.00826279 0.0247884 
0.00573539 -0.0172062 -0.00823792 0.0247137 
0.00571838 -0.0171551 -0.00821312 0.0246394 
0.0056845 -0.0170535 -0.00816375 0.0244913 
0.00565083 -0.0169525 -0.00811469 0.0243441 
0.00563407 -0.0169022 -0.00809026 0.0242708 
0.00561736 -0.0168521 -0.00806592 0.0241978 
0.00558408 -0.0167523 -0.00801744 0.0240523 
0.00556753 -0.0167026 -0.0079933 0.0239799 
0.00553455 -0.0166037 -0.00794525 0.0238358 
0.00550178 -0.0165053 -0.00789749 0.0236925 
0.0054692 -0.0164076 -0.00785001 0.02355 
0.00542069 -0.0162621 -0.00777934 0.023338 
0.00538859 -0.0161658 -0.00773259 0.0231978 
0.00537261 -0.0161178 -0.00770932 0.0231279 
0.0053408 -0.0160224 -0.00766297 0.0229889 
0.00530918 -0.0159275 -0.0076169 0.0228507 
0.00527775 -0.0158332 -0.00757111 0.0227133 
0.0052465 -0.0157395 -0.00752559 0.0225768 
0.00521545 -0.0156463 -0.00748036 0.0224411 
0.00518457 -0.0155537 -0.00743539 0.0223062 
0.00515388 -0.0154616 -0.0073907 0.0221721 
0.00512337 -0.0153701 -0.00734627 0.0220388 
0.00509305 -0.0152791 -0.0073021 0.0219063 
0.00507796 -0.0152339 -0.00728011 0.0218403 
0.00506291 -0.0151887 -0.00725819 0.0217746 
0.0050479 -0.0151437 -0.00723634 0.021709 
0.00503295 -0.0150988 -0.00721456 0.0216437 
0.00501803 -0.0150541 -0.00719284 0.0215785 
0.00498833 -0.014965 -0.0071496 0.0214488 
0.00495881 -0.0148764 -0.00710662 0.0213199 
0.00492947 -0.0147884 -0.00706391 0.0211917 
0.00491487 -0.0147446 -0.00704263 0.0211279 
0.00488578 -0.0146574 -0.00700028 0.0210008 
0.00485688 -0.0145706 -0.00695819 0.0208746 
0.00482815 -0.0144844 -0.00691635 0.0207491 
0.00481384 -0.0144415 -0.00689553 0.0206866 
0.00478536 -0.0143561 -0.00685407 0.0205622 
0.00477119 -0.0143136 -0.00683344 0.0205003 
0.00475705 -0.0142712 -0.00681287 0.0204386 
0.00474296 -0.0142289 -0.00679236 0.0203771 
0.0047149 -0.0141447 -0.00675153 0.0202546 
0.00468702 -0.014061 -0.00671093 0.0201328 
0.00467314 -0.0140194 -0.00669072 0.0200722 
0.0046593 -0.0139779 -0.00667057 0.0200117 
0.0046455 -0.0139365 -0.00665048 0.0199515 
0.00461803 -0.0138541 -0.00661049 0.0198315 
0.00459072 -0.0137722 -0.00657075 0.0197122 
0.00455005 -0.0136502 -0.00651158 0.0195348 
0.00450976 -0.0135293 -0.00645293 0.0193588 
0.0044831 -0.0134493 -0.00641412 0.0192424 
0.00445659 -0.0133698 -0.00637555 0.0191267 
0.00443025 -0.0132907 -0.00633721 0.0190116 
0.00441713 -0.0132514 -0.00631813 0.0189544 
0.00440406 -0.0132122 -0.00629911 0.0188973 
0.00437802 -0.0131341 -0.00626123 0.0187837 
0.00435214 -0.0130564 -0.00622359 0.0186708 
0.00432642 -0.0129793 -0.00618616 0.0185585 
0.00430085 -0.0129025 -0.00614895 0.0184469 
0.00427543 -0.0128263 -0.00611197 0.0183359 
0.00425017 -0.0127505 -0.00607521 0.0182256 
0.00423759 -0.0127128 -0.00605692 0.0181708 
0.00422505 -0.0126751 -0.00603868 0.018116 
0.00421255 -0.0126376 -0.0060205 0.0180615 
0.00420008 -0.0126002 -0.00600237 0.0180071 
0.00418765 -0.012563 -0.0059843 0.0179529 
0.00416291 -0.0124887 -0.0059483 0.0178449 
0.00413832 -0.012415 -0.00591252 0.0177376 
0.00411387 -0.0123416 -0.00587695 0.0176309 
0.00408957 -0.0122687 -0.00584161 0.0175248 
0.00407748 -0.0122324 -0.00582401 0.017472 
0.00406541 -0.0121962 -0.00580647 0.0174194 
0.00405339 -0.0121602 -0.00578899 0.017367 
0.0040414 -0.0121242 -0.00577156 0.0173147 
0.00402945 -0.0120883 -0.00575418 0.0172625 
0.00401753 -0.0120526 -0.00573685 0.0172105 
0.00400564 -0.0120169 -0.00571957 0.0171587 
0.00399379 -0.0119814 -0.00570235 0.0171071 
0.00397021 -0.0119106 -0.00566804 0.0170041 
0.00394677 -0.0118403 -0.00563394 0.0169018 
0.0039351 -0.0118053 -0.00561697 0.0168509 
0.00391187 -0.0117356 -0.00558318 0.0167496 
0.0039003 -0.0117009 -0.00556637 0.0166991 
0.00388877 -0.0116663 -0.0055496 0.0166488 
0.00387727 -0.0116318 -0.00553289 0.0165987 
0.00386581 -0.0115974 -0.00551623 0.0165487 
0.00385438 -0.0115631 -0.00549961 0.0164988 
0.00384298 -0.0115289 -0.00548305 0.0164492 
0.00383162 -0.0114949 -0.00546654 0.0163996 
0.0038203 -0.0114609 -0.00545007 0.0163502 
0.00379775 -0.0113932 -0.00541728 0.0162518 
0.00377533 -0.011326 -0.00538468 0.016154 
0.00374196 -0.0112259 -0.00533617 0.0160085 
0.00371987 -0.0111596 -0.00530407 0.0159122 
0.00369792 -0.0110938 -0.00527217 0.0158165 
0.00368699 -0.011061 -0.00525629 0.0157689 
0.00367609 -0.0110283 -0.00524046 0.0157214 
0.00365441 -0.0109632 -0.00520892 0.0156268 
0.00363285 -0.0108985 -0.00517757 0.0155327 
0.00361142 -0.0108343 -0.00514642 0.0154393 
0.00359011 -0.0107703 -0.00511546 0.0153464 
0.00356894 -0.0107068 -0.00508468 0.0152541 
0.00354788 -0.0106436 -0.0050541 0.0151623 
0.00352695 -0.0105809 -0.0050237 0.0150711 
0.00350615 -0.0105185 -0.00499347 0.0149804 
0.00348548 -0.0104564 -0.00496342 0.0148903 
0.00346493 -0.0103948 -0.00493355 0.0148006 
0.0034547 -0.0103641 -0.00491868 0.014756 
0.0034445 -0.0103335 -0.00490386 0.0147116 
0.00343433 -0.010303 -0.00488909 0.0146673 
0.00342419 -0.0102726 -0.00487436 0.0146231 
0.003404 -0.010212 -0.00484503 0.0145351 
0.00338393 -0.0101518 -0.00481588 0.0144477 
0.00336398 -0.0100919 -0.0047869 0.0143607 
0.00334415 -0.0100325 -0.00475809 0.0142743 
0.00333428 -0.0100029 -0.00474375 0.0142312 
0.00330485 -0.00991456 -0.00470099 0.014103 
0.00328538 -0.00985613 -0.0046727 0.0140181 
0.00326602 -0.00979805 -0.00464459 0.0139338 
0.00324677 -0.0097403 -0.00461664 0.0138499 
0.00322763 -0.0096829 -0.00458887 0.0137666 
0.00320862 -0.00962586 -0.00456124 0.0136837 
0.00318972 -0.00956917 -0.00453378 0.0136013 
0.00317094 -0.00951281 -0.00450649 0.0135195 
0.00315226 -0.00945678 -0.00447937 0.0134381 
0.00313369 -0.00940108 -0.00445241 0.0133572 
0.00311523 -0.0093457 -0.00442562 0.0132769 
0.00309689 -0.00929066 -0.00439899 0.013197 
0.00307865 -0.00923596 -0.0043725 0.0131175 
0.00306053 -0.00918159 -0.00434618 0.0130385 
0.00305151 -0.00915453 -0.00433308 0.0129992 
0.00304251 -0.00912754 -0.00432001 0.01296 
0.00303355 -0.00910064 -0.00430699 0.012921 
0.00301569 -0.00904707 -0.00428107 0.0128432 
0.00299794 -0.00899381 -0.0042553 0.0127659 
0.00298029 -0.00894086 -0.00422969 0.0126891 
0.00295402 -0.00886206 -0.00419156 0.0125747 
0.00293664 -0.00880991 -0.00416632 0.012499 
0.00291936 -0.00875808 -0.00414123 0.0124237 
0.00290218 -0.00870655 -0.0041163 0.0123489 
0.00289363 -0.0086809 -0.00410389 0.0123117 
0.00288511 -0.00865533 -0.00409152 0.0122746 
0.00286814 -0.00860441 -0.00406689 0.0122007 
0.00285126 -0.00855379 -0.00404242 0.0121273 
0.00283449 -0.00850346 -0.00401809 0.0120543 
0.00281782 -0.00845346 -0.00399389 0.0119817 
0.00280125 -0.00840376 -0.00396983 0.0119095 
0.00278478 -0.00835435 -0.00394593 0.0118378 
0.00276841 -0.00830523 -0.00392217 0.0117665 
0.00275213 -0.0082564 -0.00389856 0.0116957 
0.00273595 -0.00820786 -0.00387509 0.0116253 
0.0027279 -0.00818369 -0.00386341 0.0115902 
0.00271987 -0.0081596 -0.00385177 0.0115553 
0.00271187 -0.0081356 -0.00384014 0.0115204 
0.00270388 -0.00811165 -0.00382856 0.0114857 
0.002688 -0.00806399 -0.0038055 0.0114165 
0.0026722 -0.0080166 -0.00378258 0.0113477 
0.0026565 -0.0079695 -0.0037598 0.0112794 
0.00264089 -0.00792267 -0.00373717 0.0112115 
0.00263312 -0.00789936 -0.0037259 0.0111777 
0.00261765 -0.00785294 -0.00370347 0.0111104 
0.00260228 -0.00780683 -0.00368116 0.0110435 
0.00258699 -0.00776097 -0.00365898 0.010977 
0.0025718 -0.0077154 -0.00363694 0.0109108 
0.0025567 -0.00767009 -0.00361503 0.0108451 
0.00254169 -0.00762506 -0.00359326 0.0107798 
0.00252676 -0.00758028 -0.00357162 0.0107149 
0.00251192 -0.00753577 -0.00355012 0.0106504 
0.00249717 -0.00749152 -0.00352874 0.0105862 
0.00248252 -0.00744756 -0.00350748 0.0105224 
0.00246795 -0.00740386 -0.00348634 0.010459 
0.00245347 -0.00736042 -0.00346534 0.010396 
0.00243908 -0.00731723 -0.00344446 0.0103334 
0.00243191 -0.00729573 -0.00343407 0.0103022 
0.00242476 -0.00727429 -0.00342372 0.0102711 
0.00241764 -0.00725292 -0.00341339 0.0102402 
0.00239639 -0.00718918 -0.0033826 0.0101478 
0.00238234 -0.00714702 -0.00336222 0.0100867 
0.00236141 -0.00708424 -0.00333187 0.00999562 
0.00234757 -0.0070427 -0.0033118 0.00993539 
0.0023338 -0.00700141 -0.00329184 0.00987553 
0.00232012 -0.00696035 -0.00327201 0.00981604 
0.00230651 -0.00691954 -0.0032523 0.00975691 
0.00229974 -0.00689923 -0.0032425 0.00972749 
0.00228627 -0.0068588 -0.00322295 0.00966886 
0.00227287 -0.0068186 -0.00320353 0.00961058 
0.00225955 -0.00677865 -0.00318422 0.00955265 
0.00224631 -0.00673894 -0.00316503 0.00949508 
0.00223315 -0.00669945 -0.00314596 0.00943787 
0.00222007 -0.0066602 -0.003127 0.009381 
0.00220706 -0.00662118 -0.00310816 0.00932449 
0.00219413 -0.00658239 -0.00308944 0.00926832 
0.00218128 -0.00654385 -0.00307081 0.00921243 
0.00217489 -0.00652467 -0.00306154 0.00918461 
0.00216851 -0.00650554 -0.00305229 0.00915688 
0.00216216 -0.00648647 -0.00304308 0.00912924 
0.0021495 -0.0064485 -0.00302474 0.00907421 
0.00213692 -0.00641075 -0.00300651 0.00901952 
0.00212441 -0.00637322 -0.00298839 0.00896517 
0.00211197 -0.00633591 -0.00297038 0.00891115 
0.00209961 -0.00629882 -0.00295249 0.00885746 
0.00208732 -0.00626197 -0.00293468 0.00880403 
0.00207512 -0.00622535 -0.00291698 0.00875094 
0.00206904 -0.00620712 -0.00290817 0.00872452 
0.00205091 -0.00615274 -0.00288191 0.00864574 
0.00203892 -0.00611675 -0.00286454 0.00859362 
0.00202699 -0.00608097 -0.00284728 0.00854183 
0.00201514 -0.00604541 -0.00283012 0.00849035 
0.00200336 -0.00601007 -0.00281305 0.00843915 
0.00199165 -0.00597494 -0.00279608 0.00838825 
0.00198001 -0.00594002 -0.00277922 0.00833766 
0.00196844 -0.00590531 -0.00276246 0.00828738 
0.00195693 -0.0058708 -0.0027458 0.00823741 
0.0019455 -0.00583649 -0.00272925 0.00818775 
0.00193413 -0.00580238 -0.0027128 0.00813839 
0.00192283 -0.00576848 -0.00269645 0.00808935 
0.00191721 -0.00575162 -0.0026883 0.00806489 
0.0019116 -0.00573479 -0.00268018 0.00804053 
0.00190601 -0.00571803 -0.00267208 0.00801623 
0.00189488 -0.00568465 -0.00265596 0.00796787 
0.00188382 -0.00565146 -0.00263994 0.00791981 
0.00187282 -0.00561846 -0.00262402 0.00787205 
0.00186189 -0.00558566 -0.00260819 0.00782458 
0.00185644 -0.00556933 -0.00260032 0.00780096 
0.00185102 -0.00555305 -0.00259247 0.00777741 
0.00184021 -0.00552063 -0.00257684 0.00773052 
0.00183484 -0.00550452 -0.00256905 0.00770714 
0.00182947 -0.00548842 -0.00256129 0.00768386 
0.00181881 -0.00545642 -0.00254583 0.00763749 
0.00181349 -0.00544048 -0.00253814 0.00761441 
0.0018082 -0.00542459 -0.00253047 0.0075914 
0.00180292 -0.00540875 -0.00252282 0.00756847 
0.00178717 -0.0053615 -0.00250003 0.00750009 
0.00177674 -0.00533023 -0.00248495 0.00745486 
0.00176638 -0.00529914 -0.00246997 0.00740991 
0.00176122 -0.00528366 -0.00246251 0.00738754 
0.00175096 -0.00525287 -0.00244764 0.00734293 
0.00174076 -0.00522227 -0.00243287 0.00729861 
0.00173568 -0.00520703 -0.00242552 0.00727655 
0.00173061 -0.00519184 -0.00241819 0.00725456 
0.00172556 -0.00517669 -0.00241088 0.00723263 
0.00172053 -0.00516159 -0.00240359 0.00721078 
0.00171551 -0.00514653 -0.00239633 0.007189 
0.0017105 -0.00513151 -0.00238909 0.00716728 
0.00170551 -0.00511654 -0.00238188 0.00714563 
0.00169558 -0.00508673 -0.00236751 0.00710253 
0.0016857 -0.00505709 -0.00235323 0.0070597 
0.00167588 -0.00502765 -0.00233902 0.00701705 
0.00166613 -0.00499839 -0.00232489 0.00697468 
0.00166127 -0.00498382 -0.00231787 0.0069536 
0.00165161 -0.00495482 -0.00230387 0.00691162 
0.00164679 -0.00494038 -0.00229691 0.00689074 
0.00163721 -0.00491162 -0.00228305 0.00684915 
0.00162768 -0.00488303 -0.00226928 0.00680783 
0.00162293 -0.0048688 -0.00226242 0.00678726 
0.0016182 -0.00485461 -0.00225559 0.00676676 
0.00160879 -0.00482638 -0.00224197 0.0067259 
0.00159944 -0.00479831 -0.00222843 0.00668528 
0.00158551 -0.00475653 -0.00220827 0.00662481 
0.00157629 -0.00472887 -0.00219494 0.00658482 
0.00156713 -0.00470138 -0.00218169 0.00654507 
0.00155802 -0.00467405 -0.00216852 0.00650557 
0.00154896 -0.00464687 -0.00215544 0.00646632 
0.00153996 -0.00461988 -0.00214241 0.00642724 
0.00153548 -0.00460645 -0.00213593 0.00640779 
0.00152657 -0.0045797 -0.00212303 0.00636908 
0.0015177 -0.0045531 -0.0021102 0.00633061 
0.00150889 -0.00452666 -0.00209746 0.00629238 
0.00150013 -0.00450038 -0.0020848 0.00625439 
0.00149141 -0.00447424 -0.00207221 0.00621663 
0.00148275 -0.00444826 -0.0020597 0.00617911 
0.00147415 -0.00442246 -0.00204726 0.00614177 
0.00146987 -0.0044096 -0.00204106 0.00612319 
0.0014656 -0.00439679 -0.00203489 0.00610466 
0.00146134 -0.00438403 -0.00202873 0.00608618 
0.0014571 -0.0043713 -0.00202259 0.00606776 
0.00144444 -0.00433332 -0.00200429 0.00601286 
0.00143606 -0.00430819 -0.00199218 0.00597654 
0.00142359 -0.00427077 -0.00197416 0.00592249 
0.00141533 -0.004246 -0.00196224 0.00588673 
0.00141123 -0.00423369 -0.0019563 0.00586889 
0.00140305 -0.00420916 -0.00194447 0.00583341 
0.00139493 -0.00418478 -0.00193272 0.00579815 
0.00138685 -0.00416054 -0.00192103 0.0057631 
0.00137881 -0.00413644 -0.00190943 0.00572828 
0.00137083 -0.00411248 -0.00189789 0.00569367 
0.00136289 -0.00408867 -0.00188643 0.00565928 
0.001355 -0.00406499 -0.00187503 0.00562509 
0.00134716 -0.00404147 -0.00186369 0.00559108 
0.00133936 -0.00401808 -0.00185242 0.00555727 
0.00133161 -0.00399484 -0.00184122 0.00552366 
0.00132391 -0.00397173 -0.00183009 0.00549027 
0.00132008 -0.00396023 -0.00182455 0.00547365 
0.00131625 -0.00394876 -0.00181903 0.00545708 
0.00131244 -0.00393733 -0.00181352 0.00544056 
0.00130864 -0.00392592 -0.00180803 0.0054241 
0.00130485 -0.00391455 -0.00180256 0.00540769 
0.00129355 -0.00388065 -0.00178625 0.00535875 
0.0012898 -0.00386941 -0.00178085 0.00534255 
0.00128235 -0.00384705 -0.00177007 0.00531021 
0.00127495 -0.00382484 -0.00175936 0.00527808 
0.00126758 -0.00380275 -0.00174872 0.00524615 
0.00126026 -0.00378078 -0.00173814 0.00521443 
0.00125298 -0.00375895 -0.00172763 0.0051829 
0.00124575 -0.00373724 -0.00171719 0.00515157 
0.00124214 -0.00372643 -0.00171199 0.00513598 
0.00123855 -0.00371566 -0.00170681 0.00512044 
0.00123497 -0.00370491 -0.00170165 0.00510495 
0.00122785 -0.00368354 -0.00169134 0.00507403 
0.00122077 -0.0036623 -0.00168111 0.00504332 
0.00121373 -0.00364118 -0.00167093 0.0050128 
0.00120673 -0.00362018 -0.00166083 0.00498248 
0.00119977 -0.00359931 -0.00165078 0.00495234 
0.00119285 -0.00357855 -0.0016408 0.0049224 
0.00118597 -0.00355792 -0.00163088 0.00489263 
0.00118255 -0.00354764 -0.00162594 0.00487782 
0.00117913 -0.0035374 -0.00162102 0.00486306 
0.00117574 -0.00352721 -0.0016161 0.0048483 
0.00116559 -0.00349678 -0.00160144 0.00480433 
0.00115888 -0.00347665 -0.00159175 0.00477525 
0.00115221 -0.00345663 -0.00158212 0.00474635 
0.00114889 -0.00344666 -0.00157732 0.00473197 
0.00114558 -0.00343673 -0.00157254 0.00471763 
0.00114227 -0.00342682 -0.00156778 0.00470334 
0.00113242 -0.00339727 -0.00155358 0.00466074 
0.00112591 -0.00337773 -0.00154417 0.00463252 
0.00111943 -0.0033583 -0.00153482 0.00460446 
0.001113 -0.003339 -0.00152552 0.00457657 
0.0011066 -0.00331981 -0.00151628 0.00454885 
0.00110024 -0.00330073 -0.00150711 0.00452132 
0.00109392 -0.00328175 -0.00149799 0.00449396 
0.00108763 -0.00326289 -0.00148892 0.00446676 
0.00108138 -0.00324414 -0.00147991 0.00443974 
0.00107517 -0.00322551 -0.00147094 0.00441282 
0.001069 -0.00320701 -0.00146203 0.00438608 
0.00106593 -0.00319779 -0.00145759 0.00437277 
0.00106287 -0.0031886 -0.00145317 0.0043595 
0.00105981 -0.00317944 -0.00144876 0.00434627 
0.00105677 -0.00317031 -0.00144436 0.00433309 
0.00105373 -0.0031612 -0.00143998 0.00431995 
0.00104468 -0.00313403 -0.00142693 0.00428078 
0.00103868 -0.00311605 -0.00141829 0.00425486 
0.00102976 -0.00308929 -0.00140542 0.00421625 
0.00102386 -0.00307159 -0.0013969 0.00419069 
0.001018 -0.003054 -0.00138843 0.00416528 
0.00101217 -0.0030365 -0.00138001 0.00414004 
0.00100637 -0.00301911 -0.00137165 0.00411495 
0.00100061 -0.00300182 -0.00136334 0.00409002 
0.000994876 -0.00298463 -0.00135508 0.00406525 
0.000989179 -0.00296754 -0.00134688 0.00404063 
0.000986343 -0.00295903 -0.0013428 0.00402839 
0.000980702 -0.00294211 -0.00133464 0.00400393 
0.000975098 -0.00292529 -0.00132655 0.00397964 
0.000969524 -0.00290857 -0.0013185 0.0039555 
0.000963981 -0.00289194 -0.00131051 0.00393152 
0.000958471 -0.00287541 -0.00130256 0.00390769 
0.000952993 -0.00285898 -0.00129467 0.003884 
0.000947546 -0.00284264 -0.00128682 0.00386047 
0.000942131 -0.00282639 -0.00127903 0.00383709 
0.000936754 -0.00281026 -0.00127126 0.00381378 
0.000934079 -0.00280224 -0.0012674 0.00380219 
0.000928751 -0.00278625 -0.0012597 0.00377911 
0.000926098 -0.0027783 -0.00125587 0.00376762 
0.000923453 -0.00277036 -0.00125206 0.00375618 
0.000915563 -0.00274669 -0.00124069 0.00372206 
0.000910341 -0.00273102 -0.00123316 0.00369949 
0.000905149 -0.00271545 -0.00122569 0.00367706 
0.000899987 -0.00269996 -0.00121826 0.00365478 
0.000897416 -0.00269225 -0.00121456 0.00364369 
0.000894862 -0.00268459 -0.00121086 0.00363259 
0.000887229 -0.00266169 -0.00119985 0.00359955 
0.000882179 -0.00264654 -0.00119256 0.00357769 
0.000877157 -0.00263147 -0.00118533 0.00355598 
0.000872165 -0.00261649 -0.00117813 0.0035344 
0.000867201 -0.0026016 -0.00117099 0.00351296 
0.000862265 -0.0025868 -0.00116389 0.00349166 
0.000857366 -0.0025721 -0.00115682 0.00347045 
0.000852492 -0.00255748 -0.00114979 0.00344936 
0.000847651 -0.00254295 -0.0011428 0.0034284 
0.000842836 -0.00252851 -0.00113586 0.00340758 
0.00083805 -0.00251415 -0.00112896 0.00338689 
0.00083329 -0.00249987 -0.00112211 0.00336633 
0.000830921 -0.00249276 -0.0011187 0.0033561 
0.000828558 -0.00248568 -0.0011153 0.0033459 
0.000826203 -0.00247861 -0.00111191 0.00333573 
0.000821511 -0.00246453 -0.00110517 0.0033155 
0.000816854 -0.00245056 -0.00109844 0.00329532 
0.000809923 -0.00242977 -0.00108843 0.0032653 
0.000805334 -0.002416 -0.00108182 0.00324546 
0.000800771 -0.00240231 -0.00107525 0.00322574 
0.0007985 -0.0023955 -0.00107198 0.00321593 
0.000796234 -0.0023887 -0.00106871 0.00320614 
0.000791724 -0.00237517 -0.00106222 0.00318667 
0.000787239 -0.00236172 -0.00105578 0.00316733 
0.00078278 -0.00234834 -0.00104937 0.0031481 
0.000778354 -0.00233506 -0.00104298 0.00312893 
0.000773957 -0.00232187 -0.00103663 0.00310989 
0.000771767 -0.0023153 -0.00103347 0.00310041 
0.000769583 -0.00230875 -0.00103032 0.00309097 
0.000767405 -0.00230221 -0.00102719 0.00308156 
0.000765233 -0.0022957 -0.00102406 0.00307218 
0.000760909 -0.00228273 -0.00101783 0.0030535 
0.000756609 -0.00226983 -0.00101165 0.00303495 
0.000752334 -0.002257 -0.0010055 0.00301651 
0.000748083 -0.00224425 -0.000999397 0.00299819 
0.000743864 -0.00223159 -0.000993306 0.00297992 
0.000739673 -0.00221902 -0.000987257 0.00296177 
0.000737585 -0.00221276 -0.000984247 0.00295274 
0.000735503 -0.00220651 -0.000981247 0.00294374 
0.000733427 -0.00220028 -0.000978257 0.00293477 
0.000731357 -0.00219407 -0.000975276 0.00292583 
0.000729293 -0.00218788 -0.000972306 0.00291692 
0.000725183 -0.00217555 -0.000966393 0.00289918 
0.000723137 -0.00216941 -0.00096345 0.00289035 
0.000721096 -0.00216329 -0.000960517 0.00288155 
0.000717032 -0.0021511 -0.000954679 0.00286404 
0.000712999 -0.002139 -0.000948864 0.00284659 
0.000708987 -0.00212696 -0.000943083 0.00282925 
0.000706992 -0.00212098 -0.000940204 0.00282061 
0.000705002 -0.00211501 -0.000937335 0.00281201 
0.000703018 -0.00210905 -0.000934476 0.00280343 
0.000701039 -0.00210312 -0.000931627 0.00279488 
0.000697098 -0.0020913 -0.000925955 0.00277786 
0.00069318 -0.00207954 -0.00092032 0.00276096 
0.00069123 -0.00207369 -0.000917515 0.00275255 
0.000689284 -0.00206785 -0.00091472 0.00274416 
0.000687345 -0.00206203 -0.000911934 0.0027358 
0.000685411 -0.00205623 -0.000909156 0.00272747 
0.00067965 -0.00203895 -0.000900863 0.00270259 
0.000675836 -0.00202751 -0.00089537 0.00268611 
0.000670163 -0.00201049 -0.000887193 0.00266158 
0.000668282 -0.00200485 -0.000884485 0.00265346 
0.000664536 -0.00199361 -0.000879097 0.00263729 
0.000660812 -0.00198244 -0.000873744 0.00262123 
0.000657109 -0.00197133 -0.000868425 0.00260527 
0.000653427 -0.00196028 -0.000863139 0.00258942 
0.000649773 -0.00194932 -0.000857874 0.00257362 
0.000646138 -0.00193841 -0.000852639 0.00255792 
0.000642528 -0.00192758 -0.000847435 0.00254231 
0.000638937 -0.00191681 -0.000842266 0.0025268 
0.000635367 -0.0019061 -0.000837131 0.00251139 
0.000633589 -0.00190077 -0.000834576 0.00250373 
0.000631817 -0.00189545 -0.00083203 0.00249609 
0.000630049 -0.00189015 -0.000829491 0.00248847 
0.000628287 -0.00188486 -0.000826961 0.00248088 
0.000624777 -0.00187433 -0.000821924 0.00246577 
0.000621294 -0.00186388 -0.000816906 0.00245072 
0.000617828 -0.00185349 -0.000811917 0.00243575 
0.000612674 -0.00183802 -0.00080449 0.00241347 
0.000609261 -0.00182778 -0.00079958 0.00239874 
0.000605867 -0.0018176 -0.000794702 0.00238411 
0.000602493 -0.00180748 -0.000789856 0.00236957 
