Time gripper_l_joint gripper_r_joint yumi_joint_1_l yumi_joint_1_r yumi_joint_2_l yumi_joint_2_r yumi_joint_3_l yumi_joint_3_r yumi_joint_4_l yumi_joint_4_r yumi_joint_5_l yumi_joint_5_r yumi_joint_6_l yumi_joint_6_r yumi_joint_7_l yumi_joint_7_r 
654000000 0.0048531 0.00206972 -0.417139 0.41866 -1.46689 -1.46673 0.743563 0.742924 -0.792992 0.793166 0.446031 0.445523 1.19939 1.19961 1.1999 -1.20487 
674000000 0.00485375 0.00206619 -0.417147 0.422007 -1.46689 -1.46649 0.743564 0.741304 -0.792993 0.793005 0.446031 0.444841 1.19939 1.19961 1.1999 -1.21086 
694000000 0.0048544 0.00206246 -0.417156 0.425357 -1.46689 -1.46629 0.743564 0.739648 -0.792993 0.792846 0.446031 0.444159 1.19939 1.19962 1.19991 -1.21684 
714000000 0.00485506 0.00205875 -0.417164 0.428709 -1.46689 -1.46611 0.743565 0.737956 -0.792994 0.79269 0.446031 0.443476 1.19939 1.19962 1.19992 -1.2228 
734000000 0.00485571 0.00205506 -0.417172 0.432066 -1.46689 -1.46595 0.743565 0.736227 -0.792994 0.792536 0.44603 0.442794 1.19939 1.19962 1.19992 -1.22875 
754000000 0.00485636 0.0020514 -0.41718 0.435425 -1.46689 -1.46583 0.743566 0.734463 -0.792995 0.792386 0.44603 0.442111 1.1994 1.19962 1.19993 -1.23469 
774000000 0.00485702 0.00204771 -0.417189 0.438787 -1.46689 -1.46573 0.743566 0.732664 -0.792995 0.792238 0.44603 0.441428 1.1994 1.19963 1.19993 -1.24061 
794000000 0.00485767 0.00204408 -0.417197 0.442153 -1.46689 -1.46566 0.743567 0.73083 -0.792995 0.792093 0.44603 0.440745 1.1994 1.19963 1.19994 -1.24653 
814000000 0.00485833 0.00204047 -0.417205 0.445521 -1.4669 -1.46561 0.743568 0.728962 -0.792996 0.79195 0.44603 0.440062 1.1994 1.19963 1.19995 -1.25242 
834000000 0.00485899 0.00203689 -0.417213 0.448893 -1.4669 -1.46559 0.743568 0.72706 -0.792996 0.791811 0.44603 0.439379 1.1994 1.19963 1.19995 -1.25831 
854000000 0.00485965 0.00203332 -0.417221 0.452268 -1.4669 -1.4656 0.743569 0.725123 -0.792997 0.791673 0.44603 0.438696 1.1994 1.19964 1.19996 -1.26417 
874000000 0.00486031 0.00202977 -0.41723 0.455646 -1.4669 -1.46564 0.743569 0.723154 -0.792997 0.791539 0.446029 0.438014 1.1994 1.19964 1.19996 -1.27003 
894000000 0.00486098 0.00202625 -0.417238 0.459026 -1.4669 -1.4657 0.74357 0.721151 -0.792998 0.791407 0.446029 0.437332 1.1994 1.19964 1.19997 -1.27586 
914000000 0.00486164 0.00202275 -0.417246 0.46241 -1.4669 -1.46579 0.74357 0.719116 -0.792998 0.791278 0.446029 0.436651 1.1994 1.19964 1.19998 -1.28168 
934000000 0.00486231 0.00201926 -0.417254 0.465797 -1.4669 -1.46591 0.743571 0.717049 -0.792999 0.791152 0.446029 0.43597 1.1994 1.19965 1.19998 -1.28749 
954000000 0.00486297 0.0020158 -0.417262 0.469186 -1.4669 -1.46606 0.743572 0.714949 -0.792999 0.791028 0.446029 0.435289 1.1994 1.19965 1.19999 -1.29328 
974000000 0.00486364 0.00201236 -0.41727 0.472579 -1.4669 -1.46623 0.743572 0.712819 -0.792999 0.790907 0.446029 0.43461 1.1994 1.19965 1.2 -1.29905 
994000000 0.00486431 0.00200894 -0.417278 0.475974 -1.46691 -1.46643 0.743573 0.710657 -0.793 0.790789 0.446029 0.433931 1.1994 1.19965 1.2 -1.3048 
14000000 0.00486498 0.00200554 -0.417287 0.479372 -1.46691 -1.46666 0.743573 0.708464 -0.793 0.790673 0.446028 0.433252 1.1994 1.19966 1.20001 -1.31054 
34000000 0.00486565 0.00200216 -0.417295 0.482773 -1.46691 -1.46691 0.743574 0.706241 -0.793001 0.79056 0.446028 0.432575 1.1994 1.19966 1.20001 -1.31626 
54000000 0.00486632 0.0019988 -0.417303 0.486177 -1.46691 -1.46719 0.743574 0.703988 -0.793001 0.790449 0.446028 0.431899 1.1994 1.19966 1.20002 -1.32196 
74000000 0.004867 0.00199546 -0.417311 0.489584 -1.46691 -1.4675 0.743575 0.701705 -0.793002 0.790341 0.446028 0.431223 1.1994 1.19966 1.20003 -1.32764 
94000000 0.00486767 0.00199215 -0.417319 0.492993 -1.46691 -1.46784 0.743576 0.699393 -0.793002 0.790236 0.446028 0.430549 1.1994 1.19967 1.20003 -1.3333 
114000000 0.00486835 0.00198885 -0.417327 0.496405 -1.46691 -1.4682 0.743576 0.697052 -0.793003 0.790133 0.446028 0.429875 1.19941 1.19967 1.20004 -1.33895 
134000000 0.00486903 0.00198558 -0.417335 0.49982 -1.46691 -1.46859 0.743577 0.694683 -0.793003 0.790033 0.446028 0.429203 1.19941 1.19967 1.20004 -1.34457 
154000000 0.0048697 0.00198232 -0.417343 0.503238 -1.46691 -1.469 0.743577 0.692285 -0.793003 0.789935 0.446027 0.428532 1.19941 1.19967 1.20005 -1.35018 
174000000 0.00487039 0.00197909 -0.417351 0.506659 -1.46692 -1.46945 0.743578 0.689859 -0.793004 0.78984 0.446027 0.427862 1.19941 1.19968 1.20006 -1.35576 
194000000 0.00487107 0.00197588 -0.417359 0.510082 -1.46692 -1.46992 0.743579 0.687406 -0.793004 0.789747 0.446027 0.427194 1.19941 1.19968 1.20006 -1.36133 
214000000 0.00487175 0.00197269 -0.417367 0.513508 -1.46692 -1.47041 0.743579 0.684926 -0.793005 0.789657 0.446027 0.426527 1.19941 1.19968 1.20007 -1.36688 
234000000 0.00487243 0.00196951 -0.417375 0.516937 -1.46692 -1.47093 0.74358 0.682418 -0.793005 0.789569 0.446027 0.425861 1.19941 1.19968 1.20008 -1.3724 
254000000 0.00487311 0.00196637 -0.417383 0.520368 -1.46692 -1.47148 0.74358 0.679885 -0.793006 0.789484 0.446027 0.425197 1.19941 1.19968 1.20008 -1.37791 
274000000 0.0048738 0.00196324 -0.417391 0.523802 -1.46692 -1.47206 0.743581 0.677325 -0.793006 0.789401 0.446027 0.424534 1.19941 1.19969 1.20009 -1.38339 
294000000 0.00487449 0.00196013 -0.417399 0.527239 -1.46692 -1.47266 0.743582 0.674739 -0.793007 0.78932 0.446026 0.423873 1.19941 1.19969 1.20009 -1.38885 
314000000 0.00487518 0.00195704 -0.417407 0.530679 -1.46692 -1.47328 0.743582 0.672127 -0.793007 0.789242 0.446026 0.423213 1.19941 1.19969 1.2001 -1.39429 
334000000 0.00487586 0.00195397 -0.417415 0.534121 -1.46692 -1.47394 0.743583 0.669491 -0.793007 0.789167 0.446026 0.422555 1.19941 1.19969 1.20011 -1.39971 
354000000 0.00487656 0.00195093 -0.417423 0.537566 -1.46692 -1.47461 0.743583 0.666829 -0.793008 0.789093 0.446026 0.421898 1.19941 1.1997 1.20011 -1.40511 
374000000 0.00487725 0.0019479 -0.417431 0.541013 -1.46693 -1.47532 0.743584 0.664143 -0.793008 0.789022 0.446026 0.421244 1.19941 1.1997 1.20012 -1.41049 
394000000 0.00487794 0.0019449 -0.417439 0.544463 -1.46693 -1.47605 0.743585 0.661433 -0.793009 0.788954 0.446026 0.420591 1.19941 1.1997 1.20013 -1.41585 
414000000 0.00487864 0.00194192 -0.417447 0.547916 -1.46693 -1.4768 0.743585 0.658698 -0.793009 0.788888 0.446025 0.419939 1.19941 1.1997 1.20013 -1.42118 
434000000 0.00487933 0.00193895 -0.417455 0.551371 -1.46693 -1.47758 0.743586 0.65594 -0.79301 0.788824 0.446025 0.41929 1.19941 1.19971 1.20014 -1.42649 
454000000 0.00488003 0.00193601 -0.417463 0.55483 -1.46693 -1.47839 0.743587 0.653158 -0.79301 0.788762 0.446025 0.418642 1.19941 1.19971 1.20014 -1.43178 
474000000 0.00488073 0.00193309 -0.417471 0.55829 -1.46693 -1.47922 0.743587 0.650354 -0.79301 0.788703 0.446025 0.417996 1.19942 1.19971 1.20015 -1.43704 
494000000 0.00488143 0.00193019 -0.417479 0.561754 -1.46693 -1.48008 0.743588 0.647526 -0.793011 0.788646 0.446025 0.417352 1.19942 1.19971 1.20016 -1.44229 
514000000 0.00488213 0.00192731 -0.417487 0.56522 -1.46693 -1.48096 0.743588 0.644676 -0.793011 0.788591 0.446025 0.41671 1.19942 1.19972 1.20016 -1.44751 
534000000 0.00488283 0.00192445 -0.417495 0.568688 -1.46693 -1.48186 0.743589 0.641803 -0.793012 0.788539 0.446025 0.41607 1.19942 1.19972 1.20017 -1.45271 
554000000 0.00488353 0.00192162 -0.417503 0.572159 -1.46694 -1.48279 0.74359 0.638908 -0.793012 0.788488 0.446024 0.415432 1.19942 1.19972 1.20018 -1.45788 
574000000 0.00488424 0.0019188 -0.417511 0.575633 -1.46694 -1.48375 0.74359 0.635991 -0.793013 0.78844 0.446024 0.414796 1.19942 1.19972 1.20018 -1.46303 
594000000 0.00488494 0.001916 -0.417519 0.57911 -1.46694 -1.48473 0.743591 0.633053 -0.793013 0.788395 0.446024 0.414162 1.19942 1.19973 1.20019 -1.46816 
614000000 0.00488565 0.00191323 -0.417527 0.582589 -1.46694 -1.48573 0.743592 0.630093 -0.793014 0.788351 0.446024 0.41353 1.19942 1.19973 1.20019 -1.47327 
634000000 0.00488636 0.00191047 -0.417535 0.586071 -1.46694 -1.48676 0.743592 0.627112 -0.793014 0.788309 0.446024 0.4129 1.19942 1.19973 1.2002 -1.47835 
654000000 0.00488706 0.00190774 -0.417542 0.589555 -1.46694 -1.48781 0.743593 0.62411 -0.793014 0.78827 0.446024 0.412272 1.19942 1.19973 1.20021 -1.48341 
674000000 0.00488778 0.00190502 -0.41755 0.593042 -1.46694 -1.48888 0.743594 0.621087 -0.793015 0.788233 0.446024 0.411646 1.19942 1.19973 1.20021 -1.48845 
694000000 0.00488849 0.00190233 -0.417558 0.596532 -1.46694 -1.48998 0.743594 0.618044 -0.793015 0.788198 0.446023 0.411022 1.19942 1.19974 1.20022 -1.49346 
714000000 0.0048892 0.00189966 -0.417566 0.600024 -1.46694 -1.4911 0.743595 0.614981 -0.793016 0.788165 0.446023 0.410401 1.19942 1.19974 1.20023 -1.49845 
734000000 0.00488992 0.00189701 -0.417574 0.603519 -1.46695 -1.49224 0.743596 0.611897 -0.793016 0.788134 0.446023 0.409781 1.19942 1.19974 1.20023 -1.50341 
754000000 0.00489063 0.00189438 -0.417582 0.607017 -1.46695 -1.49341 0.743596 0.608794 -0.793017 0.788105 0.446023 0.409164 1.19942 1.19974 1.20024 -1.50835 
774000000 0.00489135 0.00189177 -0.41759 0.610517 -1.46695 -1.4946 0.743597 0.605671 -0.793017 0.788078 0.446023 0.408549 1.19942 1.19975 1.20024 -1.51327 
794000000 0.00489206 0.00188918 -0.417598 0.61402 -1.46695 -1.49582 0.743598 0.602528 -0.793017 0.788054 0.446023 0.407936 1.19942 1.19975 1.20025 -1.51817 
814000000 0.00489279 0.00188661 -0.417606 0.617526 -1.46695 -1.49705 0.743598 0.599365 -0.793018 0.788031 0.446023 0.407325 1.19943 1.19975 1.20026 -1.52304 
834000000 0.00489351 0.00188406 -0.417613 0.621034 -1.46695 -1.49831 0.743599 0.596184 -0.793018 0.78801 0.446022 0.406717 1.19943 1.19975 1.20026 -1.52788 
854000000 0.00489423 0.00188153 -0.417621 0.624545 -1.46695 -1.49959 0.7436 0.592984 -0.793019 0.787992 0.446022 0.406111 1.19943 1.19976 1.20027 -1.5327 
874000000 0.00489495 0.00187902 -0.417629 0.628059 -1.46695 -1.50089 0.7436 0.589764 -0.793019 0.787975 0.446022 0.405507 1.19943 1.19976 1.20028 -1.5375 
894000000 0.00489568 0.00187654 -0.417637 0.631576 -1.46695 -1.50222 0.743601 0.586526 -0.79302 0.787961 0.446022 0.404905 1.19943 1.19976 1.20028 -1.54227 
914000000 0.00489641 0.00187407 -0.417645 0.635095 -1.46696 -1.50357 0.743602 0.583269 -0.79302 0.787948 0.446022 0.404305 1.19943 1.19976 1.20029 -1.54702 
935000000 0.00489717 0.0018715 -0.417653 0.638793 -1.46696 -1.505 0.743603 0.57983 -0.793021 0.787937 0.446022 0.403678 1.19943 1.19976 1.20029 -1.55198 
954000000 0.00489786 0.0018692 -0.417661 0.642141 -1.46696 -1.50632 0.743603 0.576701 -0.793021 0.787928 0.446022 0.403113 1.19943 1.19977 1.2003 -1.55645 
974000000 0.00489859 0.00186679 -0.417669 0.645669 -1.46696 -1.50774 0.743604 0.573389 -0.793021 0.787922 0.446021 0.40252 1.19943 1.19977 1.20031 -1.56113 
994000000 0.00489933 0.00186441 -0.417676 0.649199 -1.46696 -1.50917 0.743605 0.570059 -0.793022 0.787917 0.446021 0.40193 1.19943 1.19977 1.20031 -1.56578 
14000000 0.00490006 0.00186205 -0.417684 0.652733 -1.46696 -1.51062 0.743605 0.566711 -0.793022 0.787914 0.446021 0.401342 1.19943 1.19977 1.20032 -1.57041 
34000000 0.0049008 0.0018597 -0.417692 0.656269 -1.46696 -1.5121 0.743606 0.563345 -0.793023 0.787913 0.446021 0.400756 1.19943 1.19978 1.20033 -1.57501 
54000000 0.00490153 0.00185738 -0.4177 0.659807 -1.46696 -1.51359 0.743607 0.559962 -0.793023 0.787913 0.446021 0.400172 1.19943 1.19978 1.20033 -1.57959 
74000000 0.00490227 0.00185508 -0.417708 0.663349 -1.46696 -1.51511 0.743607 0.556561 -0.793024 0.787916 0.446021 0.399591 1.19943 1.19978 1.20034 -1.58414 
94000000 0.00490301 0.0018528 -0.417716 0.666894 -1.46697 -1.51664 0.743608 0.553142 -0.793024 0.787921 0.446021 0.399012 1.19943 1.19978 1.20034 -1.58868 
114000000 0.00490375 0.00185053 -0.417724 0.670441 -1.46697 -1.5182 0.743609 0.549706 -0.793024 0.787927 0.44602 0.398435 1.19943 1.19978 1.20035 -1.59318 
134000000 0.00490449 0.00184829 -0.417731 0.673992 -1.46697 -1.51977 0.74361 0.546252 -0.793025 0.787935 0.44602 0.397861 1.19943 1.19979 1.20036 -1.59766 
154000000 0.00490523 0.00184607 -0.417739 0.677545 -1.46697 -1.52137 0.74361 0.542781 -0.793025 0.787945 0.44602 0.397289 1.19943 1.19979 1.20036 -1.60212 
174000000 0.00490598 0.00184387 -0.417747 0.681101 -1.46697 -1.52299 0.743611 0.539293 -0.793026 0.787957 0.44602 0.396719 1.19943 1.19979 1.20037 -1.60655 
194000000 0.00490672 0.00184169 -0.417755 0.684661 -1.46697 -1.52462 0.743612 0.535787 -0.793026 0.787971 0.44602 0.396151 1.19944 1.19979 1.20038 -1.61096 
214000000 0.00490748 0.00183953 -0.417763 0.688223 -1.46697 -1.52628 0.743613 0.532264 -0.793026 0.787986 0.44602 0.395586 1.19944 1.1998 1.20038 -1.61535 
234000000 0.00490823 0.00183739 -0.417771 0.691789 -1.46697 -1.52795 0.743613 0.528724 -0.793027 0.788004 0.44602 0.395023 1.19944 1.1998 1.20039 -1.61971 
254000000 0.00490897 0.00183527 -0.417779 0.695357 -1.46697 -1.52964 0.743614 0.525167 -0.793027 0.788023 0.446019 0.394463 1.19944 1.1998 1.20039 -1.62404 
274000000 0.00490973 0.00183317 -0.417786 0.698929 -1.46698 -1.53135 0.743615 0.521593 -0.793028 0.788044 0.446019 0.393904 1.19944 1.1998 1.2004 -1.62835 
294000000 0.00491048 0.0018311 -0.417794 0.702504 -1.46698 -1.53308 0.743616 0.518002 -0.793028 0.788066 0.446019 0.393348 1.19944 1.1998 1.20041 -1.63264 
314000000 0.00491124 0.00182904 -0.417802 0.706082 -1.46698 -1.53483 0.743617 0.514395 -0.793029 0.788091 0.446019 0.392795 1.19944 1.19981 1.20041 -1.6369 
334000000 0.004912 0.001827 -0.41781 0.709663 -1.46698 -1.5366 0.743617 0.51077 -0.793029 0.788117 0.446019 0.392243 1.19944 1.19981 1.20042 -1.64114 
354000000 0.00491276 0.00182498 -0.417818 0.713247 -1.46698 -1.53838 0.743618 0.50713 -0.793029 0.788144 0.446019 0.391696 1.19944 1.19981 1.20043 -1.64535 
374000000 0.0049135 0.00182298 -0.417826 0.716833 -1.46698 -1.54019 0.743619 0.503475 -0.79303 0.788173 0.446019 0.391151 1.19944 1.19981 1.20043 -1.64953 
394000000 0.00491424 0.001821 -0.417834 0.720423 -1.46698 -1.54201 0.743619 0.499802 -0.79303 0.788204 0.446018 0.390608 1.19944 1.19982 1.20044 -1.6537 
414000000 0.00491498 0.00181904 -0.417842 0.724016 -1.46698 -1.54385 0.74362 0.496113 -0.793031 0.788236 0.446018 0.390068 1.19944 1.19982 1.20044 -1.65783 
434000000 0.00491572 0.00181711 -0.41785 0.727613 -1.46698 -1.5457 0.743621 0.492406 -0.793031 0.78827 0.446018 0.38953 1.19944 1.19982 1.20045 -1.66195 
454000000 0.00491647 0.00181519 -0.417858 0.731213 -1.46699 -1.54758 0.743622 0.488683 -0.793032 0.788306 0.446018 0.388994 1.19944 1.19982 1.20046 -1.66604 
474000000 0.00491721 0.0018133 -0.417866 0.734816 -1.46699 -1.54947 0.743622 0.484943 -0.793032 0.788343 0.446018 0.388461 1.19944 1.19982 1.20046 -1.6701 
494000000 0.00491796 0.00181142 -0.417874 0.738423 -1.46699 -1.55137 0.743623 0.481186 -0.793032 0.788382 0.446018 0.38793 1.19944 1.19983 1.20047 -1.67414 
514000000 0.00491871 0.00180957 -0.417882 0.742033 -1.46699 -1.5533 0.743624 0.477412 -0.793033 0.788423 0.446018 0.387401 1.19944 1.19983 1.20048 -1.67815 
534000000 0.00491946 0.00180773 -0.41789 0.745647 -1.46699 -1.55524 0.743625 0.473621 -0.793033 0.788466 0.446017 0.386874 1.19944 1.19983 1.20048 -1.68214 
554000000 0.00492022 0.00180592 -0.417897 0.749265 -1.46699 -1.5572 0.743625 0.469813 -0.793034 0.78851 0.446017 0.38635 1.19945 1.19983 1.20049 -1.68611 
574000000 0.00492097 0.00180413 -0.417905 0.752886 -1.46699 -1.55917 0.743626 0.465989 -0.793034 0.788556 0.446017 0.385828 1.19945 1.19983 1.20049 -1.69005 
594000000 0.00492174 0.00180236 -0.417913 0.75651 -1.46699 -1.56116 0.743627 0.462147 -0.793035 0.788603 0.446017 0.385308 1.19945 1.19984 1.2005 -1.69397 
614000000 0.00492248 0.00180059 -0.417921 0.760138 -1.46699 -1.56317 0.743628 0.458291 -0.793035 0.788652 0.446017 0.384793 1.19945 1.19984 1.20051 -1.69786 
634000000 0.00492321 0.00179885 -0.417929 0.763769 -1.467 -1.56519 0.743628 0.454418 -0.793035 0.788702 0.446017 0.384279 1.19945 1.19984 1.20051 -1.70172 
654000000 0.00492395 0.00179713 -0.417938 0.767404 -1.467 -1.56723 0.743629 0.450528 -0.793036 0.788754 0.446017 0.383768 1.19945 1.19984 1.20052 -1.70556 
674000000 0.00492469 0.00179543 -0.417946 0.771043 -1.467 -1.56928 0.74363 0.446621 -0.793036 0.788807 0.446016 0.38326 1.19945 1.19984 1.20053 -1.70938 
694000000 0.00492543 0.00179376 -0.417954 0.774685 -1.467 -1.57135 0.74363 0.442696 -0.793037 0.788862 0.446016 0.382753 1.19945 1.19984 1.20053 -1.71317 
714000000 0.00492618 0.0017921 -0.417962 0.778332 -1.467 -1.57344 0.743631 0.438754 -0.793037 0.788919 0.446016 0.382249 1.19945 1.19985 1.20054 -1.71694 
734000000 0.00492692 0.00179047 -0.41797 0.781983 -1.467 -1.57554 0.743632 0.434795 -0.793038 0.788978 0.446016 0.381746 1.19945 1.19985 1.20054 -1.72068 
754000000 0.00492767 0.00178885 -0.417978 0.785637 -1.467 -1.57765 0.743632 0.430818 -0.793038 0.789038 0.446016 0.381247 1.19945 1.19985 1.20055 -1.7244 
774000000 0.00492842 0.00178726 -0.417986 0.789296 -1.467 -1.57978 0.743633 0.426824 -0.793038 0.789099 0.446016 0.380749 1.19945 1.19985 1.20056 -1.7281 
794000000 0.00492917 0.00178568 -0.417994 0.792959 -1.467 -1.58193 0.743634 0.422812 -0.793039 0.789163 0.446015 0.380253 1.19945 1.19985 1.20056 -1.73176 
814000000 0.00492993 0.00178413 -0.418002 0.796627 -1.46701 -1.58409 0.743635 0.418782 -0.793039 0.789228 0.446015 0.37976 1.19945 1.19986 1.20057 -1.73541 
834000000 0.00493069 0.0017826 -0.41801 0.800298 -1.46701 -1.58626 0.743635 0.414736 -0.79304 0.789294 0.446015 0.37927 1.19945 1.19986 1.20058 -1.73903 
854000000 0.00493143 0.00178107 -0.418018 0.803972 -1.46701 -1.58845 0.743636 0.410674 -0.79304 0.789362 0.446015 0.378783 1.19945 1.19986 1.20058 -1.74262 
874000000 0.00493216 0.00177957 -0.418026 0.807651 -1.46701 -1.59065 0.743637 0.406593 -0.793041 0.789431 0.446015 0.378299 1.19945 1.19986 1.20059 -1.74619 
894000000 0.0049329 0.00177808 -0.418034 0.811335 -1.46701 -1.59287 0.743637 0.402495 -0.793041 0.789502 0.446015 0.377816 1.19945 1.19986 1.2006 -1.74973 
914000000 0.00493364 0.00177662 -0.418042 0.815023 -1.46701 -1.5951 0.743638 0.398379 -0.793041 0.789574 0.446015 0.377336 1.19946 1.19986 1.2006 -1.75325 
934000000 0.00493438 0.00177518 -0.41805 0.818715 -1.46701 -1.59734 0.743639 0.394244 -0.793042 0.789648 0.446014 0.376858 1.19946 1.19987 1.20061 -1.75674 
954000000 0.00493512 0.00177376 -0.418059 0.822412 -1.46701 -1.5996 0.74364 0.390091 -0.793042 0.789724 0.446014 0.376382 1.19946 1.19987 1.20061 -1.76021 
974000000 0.00493587 0.00177236 -0.418067 0.826114 -1.46701 -1.60187 0.74364 0.385919 -0.793043 0.789801 0.446014 0.375909 1.19946 1.19987 1.20062 -1.76366 
994000000 0.00493661 0.00177098 -0.418075 0.829821 -1.46702 -1.60415 0.743641 0.381729 -0.793043 0.78988 0.446014 0.375437 1.19946 1.19987 1.20063 -1.76708 
14000000 0.00493737 0.00176963 -0.418083 0.833532 -1.46702 -1.60645 0.743642 0.37752 -0.793043 0.789961 0.446014 0.374968 1.19946 1.19987 1.20063 -1.77047 
34000000 0.00493812 0.00176829 -0.418091 0.837249 -1.46702 -1.60876 0.743642 0.373292 -0.793044 0.790043 0.446014 0.374501 1.19946 1.19987 1.20064 -1.77384 
54000000 0.00493888 0.00176697 -0.418099 0.840969 -1.46702 -1.61108 0.743643 0.369047 -0.793044 0.790127 0.446014 0.374037 1.19946 1.19988 1.20065 -1.77718 
74000000 0.00493961 0.00176566 -0.418107 0.844694 -1.46702 -1.61342 0.743644 0.364785 -0.793045 0.790211 0.446013 0.373577 1.19946 1.19988 1.20065 -1.7805 
94000000 0.00494034 0.00176437 -0.418116 0.848424 -1.46702 -1.61576 0.743644 0.360503 -0.793045 0.790298 0.446013 0.373119 1.19946 1.19988 1.20066 -1.78379 
114000000 0.00494108 0.0017631 -0.418124 0.852159 -1.46702 -1.61812 0.743645 0.356202 -0.793046 0.790386 0.446013 0.372662 1.19946 1.19988 1.20066 -1.78706 
134000000 0.00494182 0.00176185 -0.418132 0.8559 -1.46702 -1.62049 0.743646 0.351882 -0.793046 0.790476 0.446013 0.372208 1.19946 1.19988 1.20067 -1.7903 
154000000 0.00494256 0.00176062 -0.41814 0.859645 -1.46703 -1.62288 0.743646 0.347542 -0.793046 0.790567 0.446013 0.371757 1.19946 1.19988 1.20068 -1.79352 
174000000 0.0049433 0.00175941 -0.418148 0.863396 -1.46703 -1.62527 0.743647 0.343182 -0.793047 0.79066 0.446013 0.371307 1.19946 1.19989 1.20068 -1.79671 
194000000 0.00494405 0.00175822 -0.418156 0.867153 -1.46703 -1.62768 0.743648 0.338802 -0.793047 0.790755 0.446013 0.37086 1.19946 1.19989 1.20069 -1.79988 
214000000 0.0049448 0.00175706 -0.418165 0.870915 -1.46703 -1.6301 0.743649 0.334402 -0.793048 0.790851 0.446012 0.370415 1.19946 1.19989 1.2007 -1.80302 
234000000 0.00494554 0.00175591 -0.418173 0.874683 -1.46703 -1.63253 0.743649 0.329982 -0.793048 0.790949 0.446012 0.369971 1.19946 1.19989 1.2007 -1.80613 
254000000 0.00494631 0.0017548 -0.418181 0.878456 -1.46703 -1.63497 0.74365 0.325542 -0.793049 0.791049 0.446012 0.369531 1.19946 1.19989 1.20071 -1.80922 
274000000 0.00494704 0.00175367 -0.418189 0.882233 -1.46703 -1.63743 0.743651 0.321085 -0.793049 0.791149 0.446012 0.369095 1.19947 1.19989 1.20071 -1.81228 
294000000 0.00494777 0.00175257 -0.418197 0.886017 -1.46703 -1.63989 0.743651 0.316606 -0.793049 0.791252 0.446012 0.36866 1.19947 1.1999 1.20072 -1.81532 
314000000 0.0049485 0.00175149 -0.418206 0.889806 -1.46703 -1.64236 0.743652 0.312108 -0.79305 0.791356 0.446012 0.368228 1.19947 1.1999 1.20073 -1.81833 
334000000 0.00494924 0.00175042 -0.418214 0.893601 -1.46704 -1.64485 0.743653 0.307588 -0.79305 0.791461 0.446012 0.367798 1.19947 1.1999 1.20073 -1.82132 
354000000 0.00494998 0.00174939 -0.418222 0.897402 -1.46704 -1.64734 0.743653 0.303047 -0.793051 0.791569 0.446011 0.367371 1.19947 1.1999 1.20074 -1.82428 
374000000 0.00495072 0.00174836 -0.41823 0.90121 -1.46704 -1.64985 0.743654 0.298484 -0.793051 0.791678 0.446011 0.366945 1.19947 1.1999 1.20075 -1.82721 
394000000 0.00495146 0.00174737 -0.418239 0.905023 -1.46704 -1.65237 0.743655 0.2939 -0.793052 0.791789 0.446011 0.366522 1.19947 1.1999 1.20075 -1.83012 
414000000 0.00495221 0.00174639 -0.418247 0.908843 -1.46704 -1.65489 0.743655 0.289295 -0.793052 0.791901 0.446011 0.366101 1.19947 1.1999 1.20076 -1.833 
434000000 0.00495295 0.00174543 -0.418255 0.91267 -1.46704 -1.65743 0.743656 0.284667 -0.793052 0.792015 0.446011 0.365683 1.19947 1.1999 1.20076 -1.83585 
454000000 0.00495372 0.0017445 -0.418263 0.916502 -1.46704 -1.65997 0.743657 0.280019 -0.793053 0.792131 0.446011 0.365267 1.19947 1.19991 1.20077 -1.83868 
474000000 0.00495445 0.00174356 -0.418272 0.920339 -1.46704 -1.66253 0.743657 0.275351 -0.793053 0.792248 0.44601 0.364855 1.19947 1.19991 1.20078 -1.84148 
494000000 0.00495518 0.00174264 -0.41828 0.924184 -1.46705 -1.66509 0.743658 0.270661 -0.793054 0.792366 0.44601 0.364445 1.19947 1.19991 1.20078 -1.84426 
514000000 0.0049559 0.00174174 -0.418288 0.928035 -1.46705 -1.66766 0.743659 0.265948 -0.793054 0.792486 0.44601 0.364038 1.19947 1.19991 1.20079 -1.847 
534000000 0.00495664 0.00174087 -0.418296 0.931893 -1.46705 -1.67025 0.743659 0.261213 -0.793055 0.792609 0.44601 0.363633 1.19947 1.19991 1.2008 -1.84972 
554000000 0.00495739 0.00174012 -0.418305 0.93576 -1.46705 -1.67284 0.74366 0.256451 -0.793055 0.792733 0.44601 0.363229 1.19947 1.19991 1.2008 -1.85242 
574000000 0.00495799 0.00308532 -0.418315 0.939656 -1.46705 -1.67542 0.743661 0.251654 -0.793055 0.792856 0.44601 0.36286 1.19947 1.19992 1.20081 -1.85507 
594000000 0.00495914 0.0246758 -0.418324 0.943538 -1.46705 -1.67802 0.743662 0.246849 -0.793056 0.792982 0.44601 0.362477 1.19947 1.19992 1.20082 -1.85769 
614000000 0.00495986 0.0352575 -0.418334 0.947421 -1.46705 -1.68063 0.743663 0.242045 -0.793056 0.793108 0.446009 0.362117 1.19947 1.19992 1.20082 -1.86028 
634000000 0.00496076 0.034053 -0.418344 0.951309 -1.46705 -1.68324 0.743663 0.237229 -0.793057 0.793233 0.446009 0.361777 1.19948 1.19993 1.20083 -1.86283 
654000000 0.00496153 0.0324397 -0.418355 0.955199 -1.46705 -1.68587 0.743664 0.232404 -0.793057 0.793359 0.446009 0.36145 1.19948 1.19993 1.20083 -1.86535 
674000000 0.00496224 0.0306496 -0.418367 0.959092 -1.46705 -1.6885 0.743664 0.227567 -0.793058 0.793487 0.446009 0.361136 1.19948 1.19994 1.20084 -1.86784 
694000000 0.00496285 0.0295196 -0.418378 0.962991 -1.46705 -1.69113 0.743665 0.222714 -0.793058 0.793615 0.446009 0.360835 1.19948 1.19995 1.20085 -1.87029 
714000000 0.0049634 0.0287677 -0.418391 0.966894 -1.46706 -1.69377 0.743665 0.217844 -0.793058 0.793743 0.446009 0.360546 1.19948 1.19996 1.20085 -1.87272 
734000000 0.00496384 0.0296294 -0.418403 0.970808 -1.46706 -1.69641 0.743665 0.212948 -0.793059 0.793871 0.446009 0.360275 1.19948 1.19997 1.20086 -1.87509 
754000000 0.004964 0.0326366 -0.418417 0.974728 -1.46706 -1.69904 0.743666 0.20803 -0.793059 0.793999 0.446009 0.360015 1.19948 1.19998 1.20086 -1.87743 
774000000 0.00496428 0.0341728 -0.41843 0.978652 -1.46706 -1.70168 0.743666 0.203095 -0.79306 0.794128 0.446008 0.359762 1.19948 1.19999 1.20087 -1.87974 
794000000 0.00496404 0.0301207 -0.418448 0.9826 -1.46706 -1.70427 0.743667 0.198248 -0.79306 0.794241 0.446008 0.359553 1.19948 1.2 1.20087 -1.88157 
814000000 0.0049646 0.0261668 -0.418471 0.985415 -1.46706 -1.70675 0.743671 0.196803 -0.79306 0.794307 0.446008 0.359206 1.19948 1.19997 1.20088 -1.88169 
834000000 0.00496726 0.029637 -0.418483 0.986722 -1.46707 -1.70924 0.743675 0.196516 -0.79306 0.794362 0.446008 0.358844 1.19948 1.19993 1.20089 -1.88141 
854000000 0.00497139 0.0379738 -0.418488 0.987608 -1.46708 -1.71174 0.743679 0.19704 -0.79306 0.794414 0.446008 0.358468 1.19948 1.19987 1.2009 -1.88109 
874000000 0.00497536 0.0322509 -0.418495 0.988094 -1.46709 -1.71422 0.743682 0.197965 -0.793061 0.79447 0.446008 0.358091 1.19948 1.19981 1.20091 -1.88068 
894000000 0.00497968 0.0114817 -0.418502 0.989021 -1.4671 -1.71667 0.743687 0.199719 -0.793061 0.794518 0.446008 0.357712 1.19948 1.19976 1.20091 -1.8808 
914000000 0.00498343 -0.0124185 -0.418511 0.990233 -1.46711 -1.7191 0.743692 0.201068 -0.793061 0.794565 0.446007 0.357333 1.19948 1.19972 1.20092 -1.88095 
934000000 0.00498757 -0.00735461 -0.418518 0.991221 -1.46712 -1.72149 0.743698 0.202378 -0.79306 0.794607 0.446007 0.356959 1.19948 1.19967 1.20093 -1.88094 
954000000 0.00499158 0.0255432 -0.418523 0.991847 -1.46713 -1.72388 0.743702 0.202697 -0.793061 0.79466 0.446007 0.35658 1.19948 1.19962 1.20094 -1.88049 
974000000 0.00499616 0.038667 -0.418529 0.992188 -1.46714 -1.72629 0.743705 0.203402 -0.793061 0.794722 0.446007 0.356193 1.19948 1.19958 1.20095 -1.87997 
994000000 0.00500027 0.0271156 -0.418535 0.992559 -1.46715 -1.72869 0.743707 0.204177 -0.793062 0.794785 0.446007 0.355804 1.19948 1.19953 1.20095 -1.87949 
14000000 0.00500472 0.00478584 -0.41854 0.993091 -1.46716 -1.73104 0.743712 0.205683 -0.793062 0.794837 0.446007 0.355418 1.19949 1.19949 1.20096 -1.8794 
34000000 0.00500924 -0.0118245 -0.418544 0.993575 -1.46717 -1.73334 0.743717 0.206621 -0.793062 0.794875 0.446006 0.355034 1.19949 1.19944 1.20097 -1.87944 
54000000 0.00501392 -0.00694572 -0.418545 0.993691 -1.46719 -1.73562 0.743722 0.207614 -0.793062 0.794911 0.446006 0.354655 1.19949 1.19939 1.20098 -1.87952 
74000000 0.0050189 0.0266153 -0.418549 0.993943 -1.4672 -1.7379 0.743727 0.20756 -0.793062 0.794962 0.446006 0.354276 1.19949 1.19934 1.20099 -1.87882 
94000000 0.00502425 0.0386542 -0.418551 0.994012 -1.4672 -1.74023 0.74373 0.208014 -0.793062 0.795028 0.446006 0.353885 1.19949 1.19929 1.201 -1.87812 
114000000 0.00502902 0.0270751 -0.418554 0.994031 -1.46721 -1.74254 0.743732 0.208726 -0.793063 0.795094 0.446006 0.353492 1.19949 1.19924 1.201 -1.87747 
134000000 0.00503418 0.00497581 -0.418558 0.994544 -1.46722 -1.74482 0.743737 0.209729 -0.793063 0.795152 0.446005 0.353104 1.19949 1.19919 1.20101 -1.8772 
154000000 0.00503862 -0.0112417 -0.418561 0.994807 -1.46723 -1.74705 0.743742 0.210867 -0.793062 0.795196 0.446005 0.352718 1.19949 1.19915 1.20102 -1.87735 
174000000 0.00504337 -0.00701801 -0.418562 0.994762 -1.46725 -1.74925 0.743747 0.212012 -0.793062 0.795233 0.446005 0.352331 1.19949 1.1991 1.20103 -1.87777 
194000000 0.00504841 0.0156285 -0.418567 0.995015 -1.46726 -1.75144 0.743753 0.212022 -0.793062 0.795285 0.446005 0.351952 1.19949 1.19906 1.20104 -1.87719 
214000000 0.00505397 0.0392331 -0.41857 0.995131 -1.46726 -1.75369 0.743757 0.212374 -0.793063 0.795352 0.446005 0.351556 1.19949 1.19901 1.20104 -1.87653 
234000000 0.00505893 0.0309574 -0.418575 0.995109 -1.46727 -1.75594 0.74376 0.212746 -0.793063 0.795421 0.446005 0.351159 1.19949 1.19896 1.20105 -1.87578 
254000000 0.00506447 0.0121156 -0.418579 0.995374 -1.46728 -1.75817 0.743764 0.213434 -0.793063 0.795489 0.446004 0.350762 1.19949 1.19892 1.20106 -1.8753 
274000000 0.00506933 -0.00916378 -0.418584 0.9958 -1.46729 -1.76035 0.74377 0.214718 -0.793063 0.795544 0.446004 0.350366 1.19949 1.19888 1.20107 -1.87531 
294000000 0.00507375 -0.0116685 -0.418587 0.996166 -1.4673 -1.7625 0.743776 0.215831 -0.793063 0.795595 0.446004 0.349971 1.19949 1.19883 1.20108 -1.8754 
314000000 0.00507813 0.00554655 -0.418592 0.996417 -1.46732 -1.76463 0.743782 0.216344 -0.793063 0.795646 0.446004 0.349582 1.19949 1.1988 1.20108 -1.87514 
334000000 0.00508378 0.0380751 -0.418597 0.996705 -1.46732 -1.7668 0.743787 0.216232 -0.793063 0.795712 0.446004 0.349184 1.19949 1.19875 1.20109 -1.87443 
354000000 0.00508893 0.0366969 -0.418605 0.997127 -1.46733 -1.76896 0.743791 0.216116 -0.793063 0.795784 0.446004 0.348786 1.19949 1.1987 1.2011 -1.87377 
374000000 0.00509434 0.0218939 -0.41861 0.997311 -1.46734 -1.77112 0.743795 0.21674 -0.793063 0.795852 0.446004 0.348383 1.19949 1.19866 1.20111 -1.87327 
394000000 0.00509944 -0.00562627 -0.418615 0.997721 -1.46735 -1.77324 0.743799 0.217528 -0.793063 0.79591 0.446003 0.347983 1.1995 1.19862 1.20111 -1.8732 
414000000 0.00510373 -0.010956 -0.418619 0.998035 -1.46737 -1.77533 0.743805 0.218277 -0.793063 0.795964 0.446003 0.347583 1.1995 1.19857 1.20112 -1.87326 
434000000 0.0051083 0.00226093 -0.418622 0.998343 -1.46738 -1.77741 0.743812 0.219041 -0.793062 0.796017 0.446003 0.347186 1.1995 1.19853 1.20113 -1.87327 
454000000 0.00511415 0.0359793 -0.418625 0.998232 -1.46739 -1.77949 0.743818 0.219253 -0.793062 0.79608 0.446003 0.346788 1.1995 1.19848 1.20114 -1.87263 
474000000 0.00511973 0.0382864 -0.418629 0.998092 -1.46739 -1.78159 0.743821 0.2196 -0.793063 0.796153 0.446003 0.346385 1.1995 1.19843 1.20114 -1.87186 
494000000 0.00512554 0.0286614 -0.418635 0.99796 -1.4674 -1.7837 0.743825 0.219959 -0.793063 0.79623 0.446003 0.345978 1.1995 1.19838 1.20115 -1.8711 
514000000 0.00513122 0.010654 -0.41864 0.99824 -1.46741 -1.78577 0.74383 0.220652 -0.793063 0.796298 0.446003 0.345572 1.1995 1.19833 1.20116 -1.87074 
534000000 0.00513588 -0.0102706 -0.418645 0.998358 -1.46742 -1.78779 0.743835 0.221732 -0.793063 0.796354 0.446003 0.345174 1.1995 1.19829 1.20117 -1.87103 
554000000 0.00514043 -0.0106327 -0.418649 0.998493 -1.46743 -1.78979 0.743841 0.222782 -0.793063 0.796406 0.446002 0.344774 1.1995 1.19825 1.20117 -1.87161 
574000000 0.0051443 0.00487824 -0.418653 0.998657 -1.46744 -1.79177 0.743847 0.223278 -0.793062 0.796464 0.446002 0.344383 1.1995 1.19822 1.20118 -1.87172 
594000000 0.0051499 0.0383442 -0.418658 0.998763 -1.46745 -1.79379 0.743852 0.223471 -0.793062 0.796534 0.446002 0.343979 1.1995 1.19817 1.20119 -1.87108 
614000000 0.00515485 0.0369697 -0.418664 0.998763 -1.46746 -1.79582 0.743856 0.223914 -0.793063 0.796608 0.446002 0.343571 1.1995 1.19812 1.2012 -1.87047 
634000000 0.00516024 0.0253125 -0.418672 0.998891 -1.46747 -1.79783 0.74386 0.224324 -0.793063 0.796681 0.446002 0.343162 1.1995 1.19807 1.2012 -1.86991 
654000000 0.00516533 -0.000727993 -0.418678 0.999162 -1.46748 -1.79982 0.743865 0.22516 -0.793063 0.796746 0.446002 0.342754 1.1995 1.19803 1.20121 -1.86984 
674000000 0.00516945 -0.0116668 -0.418685 0.999506 -1.46749 -1.80177 0.743871 0.225845 -0.793062 0.796807 0.446002 0.342352 1.1995 1.19798 1.20122 -1.86999 
694000000 0.00517369 0.00287537 -0.418689 1.00013 -1.4675 -1.80372 0.743878 0.226412 -0.793062 0.796873 0.446002 0.341947 1.1995 1.19794 1.20123 -1.86981 
714000000 0.00517935 0.0364518 -0.418693 1 -1.46751 -1.80567 0.743884 0.226741 -0.793062 0.796947 0.446002 0.341545 1.1995 1.1979 1.20123 -1.8692 
734000000 0.0051842 0.0375935 -0.418699 1.00004 -1.46751 -1.80764 0.743888 0.227192 -0.793062 0.797025 0.446001 0.341133 1.1995 1.19785 1.20124 -1.86863 
754000000 0.00518902 0.0286624 -0.418707 1.00012 -1.46752 -1.80959 0.743891 0.227582 -0.793062 0.797103 0.446001 0.34072 1.1995 1.19781 1.20125 -1.86806 
774000000 0.00519408 0.0141088 -0.418714 1.00038 -1.46753 -1.81153 0.743896 0.228385 -0.793062 0.797175 0.446001 0.34031 1.1995 1.19777 1.20126 -1.86785 
794000000 0.00519815 -0.00945773 -0.418723 1.00086 -1.46754 -1.81341 0.743902 0.228987 -0.793062 0.797241 0.446001 0.339905 1.1995 1.19774 1.20126 -1.86813 
814000000 0.00520213 -0.0105911 -0.418727 1.00102 -1.46755 -1.81528 0.743908 0.230085 -0.793061 0.797302 0.446001 0.339498 1.1995 1.1977 1.20127 -1.86864 
834000000 0.00520557 0.0125312 -0.418734 1.00125 -1.46756 -1.81713 0.743914 0.230477 -0.793061 0.797373 0.446001 0.339104 1.19951 1.19767 1.20128 -1.86853 
854000000 0.00521103 0.039132 -0.418741 1.00125 -1.46757 -1.81901 0.743919 0.230683 -0.793061 0.79745 0.446001 0.338697 1.19951 1.19762 1.20128 -1.86792 
874000000 0.00521598 0.0357992 -0.418749 1.00131 -1.46758 -1.8209 0.743923 0.230974 -0.793061 0.797529 0.446001 0.338285 1.19951 1.19758 1.20129 -1.86733 
894000000 0.00522134 0.0244917 -0.418759 1.00135 -1.46759 -1.82277 0.743927 0.231453 -0.793061 0.797605 0.446 0.337872 1.19951 1.19754 1.2013 -1.86682 
914000000 0.00522582 0.00223203 -0.418766 1.00157 -1.46759 -1.82461 0.743932 0.232298 -0.793061 0.797676 0.446 0.337466 1.19951 1.1975 1.20131 -1.86696 
934000000 0.00522949 -0.0106954 -0.418774 1.00202 -1.4676 -1.82642 0.743938 0.232996 -0.79306 0.797746 0.446 0.33706 1.19951 1.19746 1.20131 -1.86737 
954000000 0.0052335 -0.010019 -0.418778 1.00268 -1.46761 -1.82825 0.743946 0.233759 -0.79306 0.797818 0.446 0.336644 1.19951 1.19742 1.20132 -1.86753 
974000000 0.00523726 0.00854065 -0.418784 1.00317 -1.46762 -1.83004 0.743953 0.234054 -0.793059 0.797893 0.446 0.336239 1.19951 1.19738 1.20133 -1.86733 
994000000 0.00524292 0.0392461 -0.418794 1.00355 -1.46763 -1.83184 0.743958 0.233712 -0.793059 0.797976 0.446 0.335838 1.19951 1.19734 1.20133 -1.86684 
14000000 0.00524745 0.0359691 -0.418801 1.00331 -1.46764 -1.83364 0.743962 0.234032 -0.793059 0.798055 0.446 0.335427 1.19951 1.19729 1.20134 -1.86621 
34000000 0.0052536 0.0242854 -0.418811 1.00347 -1.46765 -1.83545 0.743967 0.234363 -0.793059 0.798135 0.446 0.335013 1.19951 1.19724 1.20135 -1.86573 
54000000 0.00525854 -0.00498781 -0.418818 1.00415 -1.46766 -1.83724 0.743972 0.235132 -0.793059 0.798224 0.446 0.3346 1.19951 1.1972 1.20136 -1.86577 
74000000 0.00526111 -0.0109256 -0.418826 1.00479 -1.46767 -1.83899 0.743979 0.236222 -0.793058 0.7983 0.446 0.334186 1.19951 1.19717 1.20136 -1.8661 
94000000 0.00526417 -0.0012204 -0.418833 1.00516 -1.46767 -1.84069 0.743985 0.237114 -0.793057 0.798373 0.446 0.333784 1.19951 1.19714 1.20137 -1.86688 
114000000 0.00526666 0.0347727 -0.418841 1.00551 -1.46768 -1.84242 0.743991 0.237101 -0.793057 0.79845 0.446 0.333377 1.19951 1.1971 1.20137 -1.86639 
134000000 0.00527107 0.037417 -0.418848 1.00565 -1.46769 -1.84416 0.743996 0.237522 -0.793057 0.798533 0.446 0.332963 1.19951 1.19705 1.20138 -1.86597 
154000000 0.00527516 0.0315941 -0.418857 1.0058 -1.4677 -1.84589 0.744 0.237975 -0.793056 0.798616 0.445999 0.332549 1.19951 1.19701 1.20139 -1.86557 
174000000 0.00528005 0.0179754 -0.418868 1.00619 -1.4677 -1.84762 0.744005 0.238402 -0.793056 0.798697 0.445999 0.332136 1.19951 1.19697 1.2014 -1.8653 
194000000 0.00528309 -0.00796506 -0.418879 1.0067 -1.46771 -1.84929 0.744011 0.239056 -0.793055 0.798775 0.445999 0.331731 1.19951 1.19693 1.2014 -1.86576 
214000000 0.00528547 -0.010474 -0.418886 1.00737 -1.46772 -1.85098 0.744017 0.239893 -0.793055 0.798859 0.445999 0.331323 1.19951 1.19688 1.20141 -1.86604 
234000000 0.00528873 -0.00901722 -0.41889 1.00786 -1.46772 -1.85263 0.744024 0.24079 -0.793054 0.798936 0.445999 0.330909 1.19951 1.19684 1.20142 -1.86654 
254000000 0.00529203 0.0241696 -0.418899 1.00822 -1.46773 -1.85427 0.744031 0.240969 -0.793054 0.799021 0.445999 0.330506 1.19951 1.1968 1.20142 -1.86625 
274000000 0.00529598 0.0383833 -0.418912 1.00829 -1.46774 -1.85592 0.744037 0.241248 -0.793053 0.799104 0.445999 0.330095 1.19951 1.19676 1.20143 -1.86584 
294000000 0.00530085 0.03337 -0.418925 1.00842 -1.46774 -1.85757 0.744042 0.241567 -0.793053 0.799192 0.445999 0.329685 1.19951 1.19671 1.20143 -1.86538 
314000000 0.00530478 0.0226911 -0.41894 1.00863 -1.46775 -1.85922 0.744047 0.242285 -0.793052 0.799276 0.445999 0.329268 1.19951 1.19667 1.20144 -1.86522 
334000000 0.00530765 -0.00342819 -0.418956 1.00931 -1.46775 -1.86082 0.744052 0.242846 -0.793052 0.799364 0.445999 0.328867 1.19951 1.19663 1.20145 -1.86552 
354000000 0.00530923 -0.0105068 -0.41897 1.00972 -1.46776 -1.8624 0.744058 0.243747 -0.793052 0.799451 0.445999 0.32847 1.19951 1.19659 1.20145 -1.86606 
374000000 0.00531213 -0.00438985 -0.418981 1.00976 -1.46776 -1.86392 0.744064 0.244768 -0.793051 0.799521 0.445999 0.328101 1.19951 1.19656 1.20146 -1.86734 
394000000 0.00531428 0.034937 -0.418997 1.01024 -1.46777 -1.86549 0.744069 0.244791 -0.79305 0.799616 0.445999 0.327703 1.19951 1.19652 1.20146 -1.86706 
414000000 0.00531717 0.0372695 -0.419013 1.01055 -1.46777 -1.86707 0.744074 0.245149 -0.79305 0.799706 0.445999 0.327292 1.19951 1.19647 1.20147 -1.86677 
434000000 0.00531993 0.031377 -0.419031 1.01079 -1.46778 -1.86863 0.744079 0.245648 -0.79305 0.799797 0.445999 0.326881 1.19951 1.19643 1.20147 -1.86657 
454000000 0.00532296 0.020022 -0.419049 1.01114 -1.46778 -1.87018 0.744083 0.246116 -0.793049 0.799887 0.445999 0.326471 1.19951 1.19639 1.20148 -1.86651 
474000000 0.00532536 -0.00841356 -0.419067 1.01174 -1.46779 -1.8717 0.744087 0.246671 -0.793049 0.799977 0.445999 0.326075 1.19951 1.19635 1.20148 -1.86708 
494000000 0.0053266 -0.0104977 -0.41908 1.01226 -1.46779 -1.8732 0.744094 0.247563 -0.793048 0.800057 0.445999 0.325673 1.19951 1.19631 1.20149 -1.86775 
514000000 0.00532898 0.0112557 -0.419092 1.0127 -1.46779 -1.87467 0.744099 0.248044 -0.793048 0.800145 0.445999 0.325295 1.19951 1.19626 1.20149 -1.86837 
534000000 0.0053325 0.0380904 -0.419107 1.01299 -1.4678 -1.87617 0.744105 0.248412 -0.793047 0.800236 0.445999 0.324885 1.19951 1.19621 1.2015 -1.86816 
554000000 0.00533475 0.0366427 -0.419127 1.01327 -1.4678 -1.87766 0.74411 0.248996 -0.793047 0.800334 0.445999 0.324475 1.19951 1.19617 1.2015 -1.86806 
574000000 0.00533694 0.0327428 -0.419156 1.01374 -1.46781 -1.87915 0.744115 0.24934 -0.793046 0.800429 0.445999 0.324067 1.19951 1.19613 1.20151 -1.86789 
594000000 0.00533908 0.0234034 -0.419184 1.01485 -1.46781 -1.88062 0.74412 0.248286 -0.793045 0.800544 0.445999 0.323681 1.19951 1.1961 1.20151 -1.86764 
614000000 0.00534155 -0.00175978 -0.419218 1.01564 -1.46781 -1.88209 0.744126 0.249203 -0.793045 0.800644 0.445999 0.323273 1.19951 1.19605 1.20152 -1.86799 
634000000 0.00534262 -0.0108879 -0.419247 1.01638 -1.46781 -1.8835 0.74413 0.249989 -0.793044 0.800738 0.445999 0.322886 1.19951 1.19602 1.20152 -1.86858 
