Time gripper_l_joint gripper_r_joint yumi_joint_1_l yumi_joint_1_r yumi_joint_2_l yumi_joint_2_r yumi_joint_3_l yumi_joint_3_r yumi_joint_4_l yumi_joint_4_r yumi_joint_5_l yumi_joint_5_r yumi_joint_6_l yumi_joint_6_r yumi_joint_7_l yumi_joint_7_r 
590000000 0.0238846 0.00586717 -0.44973 0.474064 -1.46416 -1.46376 0.780732 0.805676 -0.797357 0.798543 0.457445 0.476168 1.20472 1.21734 1.20997 -1.2362 
610000000 0.0239365 0.00583027 -0.449839 0.480338 -1.46412 -1.46251 0.780848 0.803931 -0.797351 0.798152 0.457474 0.471808 1.20471 1.21737 1.20999 -1.23966 
630000000 0.0239845 0.00585037 -0.449961 0.495396 -1.46406 -1.45686 0.78098 0.822172 -0.797344 0.79711 0.457508 0.463382 1.2047 1.21739 1.21 -1.2448 
650000000 0.0240304 0.00588551 -0.450085 0.524242 -1.464 -1.45742 0.78111 0.848188 -0.797336 0.798228 0.457541 0.470151 1.20469 1.2174 1.21001 -1.2698 
670000000 0.0240775 0.00592129 -0.450201 0.564144 -1.46395 -1.45658 0.781245 0.854222 -0.797329 0.797643 0.457574 0.464904 1.20468 1.21741 1.21002 -1.31071 
690000000 0.0241251 0.00593023 -0.450321 0.583658 -1.46389 -1.45596 0.781376 0.872287 -0.797322 0.797748 0.457607 0.466527 1.20467 1.21741 1.21003 -1.32904 
710000000 0.0241725 0.00594947 -0.450436 0.591363 -1.46383 -1.45549 0.781509 0.914192 -0.797314 0.798208 0.45764 0.474854 1.20466 1.21741 1.21005 -1.32251 
730000000 0.0242176 0.00597106 -0.450553 0.605158 -1.46378 -1.45558 0.78164 0.961948 -0.797306 0.798171 0.457673 0.476289 1.20465 1.21741 1.21006 -1.34071 
750000000 0.0242651 0.00599984 -0.450677 0.619678 -1.46372 -1.4546 0.781772 1.00433 -0.797298 0.798196 0.457707 0.482538 1.20464 1.21741 1.21007 -1.35179 
770000000 0.0243135 0.00600822 -0.450795 0.627068 -1.46366 -1.45482 0.781902 1.05714 -0.79729 0.798212 0.457739 0.490412 1.20463 1.2174 1.21008 -1.35729 
790000000 0.0243598 0.00602434 -0.450921 0.635637 -1.4636 -1.44969 0.782036 1.08434 -0.797282 0.798291 0.457773 0.47432 1.20462 1.21741 1.2101 -1.38466 
810000000 0.024408 0.00602644 -0.451036 0.638259 -1.46355 -1.4487 0.782168 1.12447 -0.797274 0.798428 0.457805 0.476022 1.20461 1.21741 1.21011 -1.4059 
830000000 0.0244557 0.00603036 -0.451156 0.639345 -1.46349 -1.44594 0.782303 1.13742 -0.797266 0.798653 0.457839 0.46974 1.2046 1.21741 1.21012 -1.42056 
850000000 0.0245035 0.00603637 -0.451278 0.642988 -1.46343 -1.43909 0.782436 1.14007 -0.797258 0.79948 0.457871 0.459277 1.20459 1.21741 1.21013 -1.44673 
870000000 0.0245524 0.00602994 -0.451398 0.644285 -1.46338 -1.43707 0.782571 1.1452 -0.79725 0.799939 0.457905 0.457597 1.20458 1.21741 1.21015 -1.45755 
890000000 0.0246011 0.00603356 -0.451513 0.642973 -1.46332 -1.44197 0.782704 1.16645 -0.797241 0.799069 0.457937 0.4738 1.20457 1.21741 1.21016 -1.44693 
910000000 0.0246502 0.00603333 -0.451627 0.644825 -1.46327 -1.44457 0.782838 1.21969 -0.797233 0.798504 0.45797 0.481612 1.20456 1.21741 1.21017 -1.41165 
930000000 0.0246967 0.00607334 -0.451741 0.649619 -1.46321 -1.44268 0.78297 1.26388 -0.797225 0.798751 0.458003 0.479876 1.20455 1.21741 1.21018 -1.39721 
950000000 0.0247458 0.00605296 -0.451855 0.65908 -1.46315 -1.44755 0.783104 1.30608 -0.797216 0.799016 0.458036 0.483134 1.20454 1.21741 1.2102 -1.37649 
970000000 0.0247944 0.00607512 -0.451972 0.665575 -1.4631 -1.44029 0.783239 1.32213 -0.797207 0.798873 0.458069 0.472235 1.20453 1.21741 1.21021 -1.39499 
990000000 0.0248434 0.00605941 -0.452083 0.673268 -1.46304 -1.43623 0.783371 1.33235 -0.797199 0.799396 0.458101 0.460696 1.20452 1.21742 1.21022 -1.41642 
10000000 0.0248921 0.00606503 -0.452199 0.683768 -1.46299 -1.4408 0.783506 1.35408 -0.79719 0.79919 0.458134 0.467539 1.20451 1.21742 1.21024 -1.41387 
30000000 0.0249419 0.00607076 -0.45231 0.691012 -1.46293 -1.44158 0.783638 1.37685 -0.797182 0.799508 0.458166 0.468022 1.2045 1.21742 1.21025 -1.40729 
50000000 0.024991 0.00606362 -0.452426 0.699941 -1.46288 -1.44308 0.783773 1.38356 -0.797172 0.798808 0.458199 0.471868 1.20449 1.21742 1.21026 -1.39956 
70000000 0.0239107 0.00606406 -0.452533 0.713864 -1.46283 -1.45002 0.78389 1.39166 -0.797165 0.798602 0.45823 0.481581 1.20448 1.21742 1.21027 -1.384 
90000000 0.0237486 0.00603908 -0.452648 0.728147 -1.46277 -1.45047 0.784025 1.38894 -0.797157 0.799127 0.458264 0.487186 1.20447 1.21742 1.21028 -1.3663 
110000000 0.0237948 0.00603535 -0.452765 0.733754 -1.46272 -1.45381 0.784158 1.39591 -0.79715 0.799024 0.458296 0.494945 1.20446 1.21742 1.2103 -1.35731 
130000000 0.0238449 0.0060516 -0.452885 0.734473 -1.46266 -1.4411 0.784292 1.37565 -0.797142 0.798855 0.458329 0.477657 1.20445 1.21742 1.21031 -1.39133 
150000000 0.0238923 0.00604292 -0.453007 0.747659 -1.46261 -1.44647 0.784429 1.35696 -0.797133 0.798907 0.458363 0.486209 1.20444 1.21742 1.21032 -1.3983 
170000000 0.0239417 0.00604493 -0.453132 0.751578 -1.46255 -1.44479 0.784561 1.33103 -0.797126 0.799359 0.458395 0.484027 1.20443 1.21742 1.21033 -1.41402 
190000000 0.0239896 0.00602533 -0.453254 0.759272 -1.46249 -1.4489 0.784697 1.32137 -0.797118 0.79904 0.458429 0.490285 1.20442 1.21742 1.21035 -1.40313 
210000000 0.0240391 0.0060435 -0.453374 0.762226 -1.46244 -1.43999 0.784829 1.31486 -0.79711 0.7996 0.458461 0.471523 1.20441 1.21742 1.21036 -1.41177 
230000000 0.0240876 0.00604883 -0.453498 0.771899 -1.46239 -1.44463 0.784964 1.31335 -0.797102 0.798754 0.458494 0.487028 1.2044 1.21742 1.21037 -1.40186 
250000000 0.0241341 0.00603358 -0.45361 0.780763 -1.46233 -1.44606 0.785099 1.33138 -0.797094 0.798668 0.458527 0.493034 1.20439 1.21742 1.21038 -1.38695 
270000000 0.0241853 0.00602886 -0.453725 0.796771 -1.46228 -1.44747 0.785233 1.35427 -0.797085 0.798895 0.458559 0.498606 1.20438 1.21742 1.2104 -1.36256 
290000000 0.0242329 0.00603626 -0.453841 0.797728 -1.46222 -1.44359 0.785367 1.34127 -0.797076 0.798993 0.458592 0.496144 1.20437 1.21742 1.21041 -1.3856 
310000000 0.0242814 0.00603134 -0.453954 0.800965 -1.46217 -1.44439 0.785499 1.31674 -0.797068 0.799185 0.458624 0.502241 1.20436 1.21742 1.21042 -1.39816 
330000000 0.0243307 0.00602764 -0.454072 0.807292 -1.46211 -1.44323 0.785633 1.28648 -0.797059 0.798695 0.458657 0.498444 1.20435 1.21742 1.21043 -1.40645 
350000000 0.0243788 0.00604698 -0.454192 0.813442 -1.46206 -1.44568 0.785765 1.26857 -0.797051 0.79848 0.458689 0.497869 1.20434 1.21742 1.21045 -1.40693 
370000000 0.0244275 0.00603657 -0.454308 0.818831 -1.462 -1.44478 0.785899 1.26031 -0.797042 0.798348 0.458721 0.495488 1.20433 1.21742 1.21046 -1.40699 
390000000 0.0244765 0.00604647 -0.454422 0.826217 -1.46195 -1.44235 0.786033 1.23485 -0.797033 0.799009 0.458754 0.487574 1.20432 1.21743 1.21047 -1.4291 
410000000 0.0245247 0.00604759 -0.454535 0.828034 -1.46189 -1.44264 0.786163 1.19718 -0.797024 0.798435 0.458786 0.485294 1.20431 1.21743 1.21049 -1.45298 
430000000 0.0245731 0.00603776 -0.45465 0.832823 -1.46184 -1.445 0.786297 1.17569 -0.797016 0.797735 0.458819 0.488895 1.2043 1.21743 1.2105 -1.45367 
450000000 0.02462 0.0060353 -0.454764 0.84506 -1.46179 -1.44475 0.786431 1.17305 -0.797007 0.797778 0.458852 0.494891 1.20429 1.21743 1.21051 -1.43896 
470000000 0.0246694 0.00603956 -0.454875 0.854096 -1.46173 -1.44381 0.786561 1.16506 -0.796999 0.798342 0.458883 0.484213 1.20428 1.21744 1.21052 -1.44601 
490000000 0.024718 0.00603953 -0.45499 0.857846 -1.46168 -1.44363 0.786695 1.13812 -0.79699 0.798549 0.458916 0.486684 1.20427 1.21744 1.21054 -1.47467 
510000000 0.0247661 0.00603991 -0.455102 0.863219 -1.46162 -1.44343 0.786829 1.1051 -0.796981 0.798767 0.458948 0.483416 1.20426 1.21744 1.21055 -1.49747 
530000000 0.024816 0.00603326 -0.455213 0.870189 -1.46157 -1.44317 0.786959 1.09152 -0.796972 0.798083 0.45898 0.488559 1.20425 1.21744 1.21056 -1.49802 
550000000 0.0248645 0.00604109 -0.455325 0.871986 -1.46152 -1.44323 0.787093 1.0653 -0.796963 0.798365 0.459012 0.481099 1.20424 1.21744 1.21058 -1.52039 
570000000 0.0249136 0.00603813 -0.455435 0.877911 -1.46146 -1.44424 0.787227 1.0418 -0.796953 0.799207 0.459045 0.47135 1.20423 1.21744 1.21059 -1.53179 
590000000 0.0249633 0.00603539 -0.455545 0.885102 -1.46141 -1.44407 0.787357 0.98846 -0.796944 0.798809 0.459075 0.468685 1.20422 1.21744 1.2106 -1.57176 
610000000 0.0252687 0.00603109 -0.455652 0.887837 -1.46136 -1.44605 0.787479 0.944646 -0.796936 0.799721 0.459107 0.462154 1.20421 1.21744 1.21061 -1.60458 
630000000 0.0237472 0.00603435 -0.455761 0.891851 -1.46131 -1.44333 0.787607 0.921095 -0.796927 0.799758 0.459138 0.469492 1.2042 1.21745 1.21063 -1.61838 
650000000 0.0237695 0.00603408 -0.455876 0.89718 -1.46126 -1.44248 0.787738 0.930735 -0.796919 0.799585 0.459171 0.470243 1.20419 1.21745 1.21064 -1.61217 
670000000 0.0238157 0.00603597 -0.455988 0.906158 -1.4612 -1.445 0.787872 0.924285 -0.79691 0.799552 0.459203 0.467854 1.20418 1.21745 1.21065 -1.62843 
690000000 0.0238635 0.00604052 -0.456103 0.913546 -1.46115 -1.43943 0.788007 0.950324 -0.796901 0.799288 0.459236 0.478826 1.20417 1.21745 1.21066 -1.617 
710000000 0.0239126 0.00604354 -0.456215 0.923764 -1.4611 -1.44519 0.788135 0.962524 -0.796894 0.801252 0.459267 0.462435 1.20416 1.21745 1.21067 -1.61962 
730000000 0.0239596 0.00604594 -0.456328 0.926969 -1.46104 -1.44683 0.788268 0.945981 -0.796885 0.80186 0.4593 0.457332 1.20415 1.21745 1.21069 -1.64038 
750000000 0.024007 0.00605119 -0.456442 0.932955 -1.46099 -1.45142 0.788402 0.936557 -0.796876 0.803216 0.459333 0.445529 1.20414 1.21746 1.2107 -1.64962 
770000000 0.024055 0.00604513 -0.456553 0.937301 -1.46094 -1.4502 0.788531 0.915487 -0.796868 0.802669 0.459364 0.449177 1.20414 1.21746 1.21071 -1.65819 
790000000 0.0241031 0.00604489 -0.456667 0.946171 -1.46088 -1.45001 0.788664 0.905703 -0.79686 0.801332 0.459396 0.452417 1.20413 1.21746 1.21072 -1.65547 
810000000 0.0241511 0.00604853 -0.456781 0.957475 -1.46083 -1.44646 0.788797 0.907885 -0.796851 0.800603 0.459429 0.462061 1.20412 1.21746 1.21074 -1.64896 
830000000 0.0241975 0.00604922 -0.456893 0.966364 -1.46078 -1.44277 0.788929 0.907562 -0.796842 0.799639 0.459461 0.469005 1.20411 1.21746 1.21075 -1.64629 
850000000 0.0242487 0.00604189 -0.457006 0.979592 -1.46072 -1.4432 0.789059 0.931855 -0.796833 0.800154 0.459492 0.467999 1.2041 1.21747 1.21076 -1.62421 
870000000 0.0242962 0.00604802 -0.457119 0.98808 -1.46067 -1.44493 0.789192 0.919848 -0.796825 0.800454 0.459525 0.465081 1.20409 1.21747 1.21078 -1.63854 
890000000 0.0243438 0.00604395 -0.457232 1.00469 -1.46061 -1.43872 0.789325 0.927796 -0.796815 0.798679 0.459557 0.475093 1.20408 1.21747 1.21079 -1.62116 
910000000 0.0243909 0.00604211 -0.457341 1.02167 -1.46056 -1.4475 0.789455 0.893738 -0.796807 0.799845 0.459588 0.46014 1.20407 1.21747 1.2108 -1.63846 
930000000 0.0244403 0.00604042 -0.457453 1.02757 -1.46051 -1.44855 0.789587 0.865168 -0.796798 0.800578 0.45962 0.4559 1.20406 1.21747 1.21081 -1.65158 
950000000 0.0244893 0.00603754 -0.457566 1.03979 -1.46045 -1.43831 0.78972 0.892549 -0.796789 0.798398 0.459652 0.474004 1.20405 1.21747 1.21083 -1.62221 
970000000 0.0245348 0.00603669 -0.45768 1.05764 -1.4604 -1.43577 0.789854 0.940365 -0.79678 0.796364 0.459685 0.482227 1.20404 1.21747 1.21084 -1.58425 
990000000 0.0245843 0.00603602 -0.457788 1.07462 -1.46035 -1.44109 0.789982 0.959852 -0.796771 0.797662 0.459715 0.470669 1.20403 1.21747 1.21085 -1.57315 
10000000 0.0246337 0.00602992 -0.457899 1.08951 -1.46029 -1.44664 0.790114 0.954098 -0.796762 0.799031 0.459747 0.45841 1.20402 1.21747 1.21086 -1.58711 
30000000 0.0246819 0.006035 -0.458011 1.10053 -1.46024 -1.44249 0.790247 0.944433 -0.796752 0.797482 0.459779 0.470367 1.20401 1.21747 1.21088 -1.59392 
50000000 0.0247297 0.00603009 -0.458122 1.1129 -1.46019 -1.44155 0.79038 0.955974 -0.796742 0.797784 0.459811 0.471612 1.204 1.21747 1.21089 -1.58085 
70000000 0.0247786 0.00603755 -0.458232 1.11923 -1.46013 -1.44256 0.790509 0.960681 -0.796733 0.797955 0.459842 0.46753 1.20399 1.21747 1.2109 -1.57841 
90000000 0.024827 0.00603274 -0.458343 1.12533 -1.46008 -1.44173 0.790642 0.957326 -0.796723 0.797014 0.459873 0.470071 1.20399 1.21748 1.21092 -1.57387 
110000000 0.0248761 0.00602349 -0.458452 1.14249 -1.46002 -1.44182 0.790774 0.951887 -0.796713 0.79724 0.459905 0.469125 1.20398 1.21748 1.21093 -1.56534 
130000000 0.0249231 0.00603328 -0.458562 1.15568 -1.45997 -1.44186 0.790906 0.938701 -0.796703 0.797849 0.459936 0.470027 1.20397 1.21748 1.21094 -1.57032 
150000000 0.024971 0.00602838 -0.458669 1.16478 -1.45992 -1.43706 0.791037 0.918105 -0.796694 0.79751 0.459967 0.476804 1.20396 1.21749 1.21096 -1.57762 
170000000 0.0250577 0.00602679 -0.458771 1.16958 -1.45987 -1.4349 0.791154 0.907466 -0.796685 0.797366 0.459998 0.478519 1.20395 1.21749 1.21097 -1.57882 
190000000 0.0237426 0.00602969 -0.458882 1.17784 -1.45982 -1.43689 0.791285 0.905243 -0.796676 0.798217 0.460029 0.473569 1.20394 1.21749 1.21098 -1.57676 
210000000 0.0237749 0.00602807 -0.458994 1.1821 -1.45976 -1.44887 0.791418 0.856886 -0.796666 0.799888 0.460061 0.46074 1.20393 1.21749 1.21099 -1.62058 
230000000 0.0238224 0.00602762 -0.459107 1.18491 -1.45971 -1.44728 0.791551 0.828609 -0.796657 0.799431 0.460093 0.460973 1.20392 1.21749 1.211 -1.64678 
250000000 0.0238708 0.00602555 -0.459218 1.19122 -1.45966 -1.45104 0.79168 0.824896 -0.796649 0.799623 0.460124 0.458207 1.20391 1.21749 1.21102 -1.64478 
270000000 0.02392 0.00601999 -0.459329 1.20016 -1.4596 -1.45181 0.791813 0.81978 -0.79664 0.799649 0.460156 0.458046 1.2039 1.21749 1.21103 -1.64121 
290000000 0.0239679 0.00601614 -0.459441 1.20538 -1.45955 -1.45592 0.791945 0.805352 -0.796631 0.799432 0.460188 0.456535 1.20389 1.21749 1.21104 -1.64647 
310000000 0.0240156 0.00601436 -0.459555 1.20825 -1.4595 -1.46571 0.792077 0.778668 -0.796622 0.801802 0.46022 0.442612 1.20388 1.2175 1.21105 -1.66498 
330000000 0.024062 0.00601287 -0.459674 1.2144 -1.45944 -1.46247 0.792211 0.763532 -0.796612 0.799908 0.460252 0.456022 1.20388 1.2175 1.21107 -1.67128 
350000000 0.0241113 0.00601256 -0.459788 1.22495 -1.45939 -1.46881 0.79234 0.727956 -0.796604 0.80131 0.460282 0.448224 1.20387 1.2175 1.21108 -1.68826 
370000000 0.0241597 0.00601358 -0.459907 1.23186 -1.45934 -1.46185 0.792472 0.706895 -0.796594 0.800126 0.460314 0.45659 1.20386 1.2175 1.21109 -1.69313 
390000000 0.0242072 0.00600831 -0.460023 1.24412 -1.45928 -1.47481 0.792604 0.669481 -0.796585 0.801731 0.460345 0.449719 1.20385 1.2175 1.2111 -1.70415 
410000000 0.0242554 0.0060069 -0.460134 1.25325 -1.45923 -1.46813 0.792736 0.661592 -0.796575 0.801214 0.460377 0.455588 1.20384 1.2175 1.21112 -1.70251 
430000000 0.0243032 0.00600713 -0.460245 1.26539 -1.45918 -1.46963 0.792868 0.66161 -0.796566 0.801401 0.460409 0.455643 1.20383 1.2175 1.21113 -1.69507 
450000000 0.0243507 0.00600616 -0.460355 1.28402 -1.45912 -1.46232 0.793001 0.659347 -0.796556 0.799633 0.46044 0.466974 1.20382 1.2175 1.21114 -1.69028 
470000000 0.0243981 0.00600601 -0.460466 1.30464 -1.45907 -1.45574 0.793129 0.667108 -0.796547 0.797394 0.460471 0.475371 1.20381 1.2175 1.21115 -1.68124 
490000000 0.0244472 0.00600517 -0.460576 1.32837 -1.45902 -1.44768 0.79326 0.706421 -0.796538 0.7965 0.460502 0.480953 1.2038 1.21751 1.21117 -1.6474 
510000000 0.0244948 0.00600131 -0.460686 1.35272 -1.45896 -1.43307 0.793392 0.739835 -0.796528 0.794665 0.460533 0.495715 1.20379 1.21751 1.21118 -1.61659 
530000000 0.0245431 0.00599936 -0.460795 1.37744 -1.45891 -1.42775 0.793523 0.778515 -0.796518 0.794836 0.460564 0.492606 1.20379 1.21751 1.21119 -1.58269 
550000000 0.0245902 0.00599079 -0.460904 1.39489 -1.45886 -1.42782 0.793655 0.799892 -0.796508 0.795075 0.460596 0.494271 1.20378 1.21752 1.21121 -1.56609 
570000000 0.024638 0.00598886 -0.461012 1.40917 -1.4588 -1.4263 0.793787 0.808723 -0.796498 0.79528 0.460627 0.493532 1.20377 1.21752 1.21122 -1.55902 
590000000 0.0246859 0.00598787 -0.46112 1.41749 -1.45875 -1.42172 0.793921 0.815245 -0.796487 0.795123 0.460658 0.496726 1.20376 1.21752 1.21123 -1.55497 
610000000 0.0247344 0.00599643 -0.461226 1.42061 -1.4587 -1.42733 0.79405 0.793241 -0.796478 0.795858 0.460688 0.49267 1.20375 1.21752 1.21125 -1.57708 
630000000 0.0247839 0.0059945 -0.460965 1.41197 -1.45884 -1.4278 0.793785 0.792844 -0.796499 0.7959 0.460623 0.492283 1.2038 1.21745 1.21125 -1.57379 
650000000 0.0248327 0.00599426 -0.460666 1.40211 -1.45899 -1.42832 0.79348 0.792409 -0.796524 0.795945 0.460548 0.491859 1.20385 1.21738 1.21125 -1.57018 
670000000 0.0248811 0.00599405 -0.460369 1.39234 -1.45915 -1.42884 0.793179 0.791979 -0.796548 0.795989 0.460474 0.491438 1.2039 1.21731 1.21125 -1.5666 
690000000 0.0249295 0.0059938 -0.460075 1.38267 -1.4593 -1.42935 0.79288 0.791554 -0.796572 0.796034 0.460401 0.491022 1.20396 1.21724 1.21125 -1.56306 
710000000 0.0249775 0.00599351 -0.459784 1.3731 -1.45946 -1.42986 0.792585 0.791134 -0.796596 0.796077 0.460329 0.490611 1.20401 1.21717 1.21125 -1.55955 
730000000 0.0243319 0.00599319 -0.459489 1.36362 -1.45961 -1.43036 0.792279 0.790718 -0.796621 0.796121 0.460256 0.490203 1.20406 1.2171 1.21125 -1.55607 
750000000 0.0237414 0.00599265 -0.459204 1.35424 -1.45976 -1.43086 0.791986 0.790308 -0.796646 0.796163 0.460184 0.4898 1.20411 1.21703 1.21125 -1.55264 
770000000 0.0237822 0.00599218 -0.458926 1.34495 -1.45991 -1.43135 0.7917 0.789902 -0.796671 0.796206 0.460115 0.489401 1.20416 1.21696 1.21125 -1.54923 
790000000 0.0238297 0.00599167 -0.45865 1.33575 -1.46006 -1.43183 0.791417 0.7895 -0.796695 0.796247 0.460046 0.489006 1.20421 1.2169 1.21125 -1.54586 
810000000 0.0238773 0.00599112 -0.458378 1.32664 -1.4602 -1.43231 0.791137 0.789104 -0.796719 0.796289 0.459978 0.488615 1.20425 1.21683 1.21125 -1.54252 
830000000 0.0239247 0.00599058 -0.45811 1.31762 -1.46035 -1.43279 0.790859 0.788711 -0.796743 0.79633 0.45991 0.488228 1.2043 1.21677 1.21125 -1.53922 
850000000 0.0239747 0.00598996 -0.457847 1.30868 -1.46049 -1.43326 0.790584 0.788323 -0.796767 0.79637 0.459843 0.487845 1.20435 1.2167 1.21125 -1.53595 
870000000 0.0240234 0.00598933 -0.457587 1.29984 -1.46063 -1.43373 0.790313 0.787939 -0.79679 0.79641 0.459777 0.487465 1.2044 1.21664 1.21125 -1.53271 
890000000 0.0240715 0.00598867 -0.45733 1.29108 -1.46077 -1.43419 0.790045 0.78756 -0.796812 0.79645 0.459712 0.48709 1.20444 1.21657 1.21125 -1.5295 
910000000 0.024119 0.00598801 -0.457074 1.28241 -1.46091 -1.43465 0.789778 0.787185 -0.796836 0.796489 0.459646 0.486719 1.20449 1.21651 1.21125 -1.52633 
930000000 0.0241695 0.00598723 -0.456823 1.27383 -1.46105 -1.4351 0.789514 0.786814 -0.796858 0.796528 0.459582 0.486351 1.20453 1.21645 1.21125 -1.52319 
950000000 0.024218 0.00598645 -0.456574 1.26533 -1.46118 -1.43555 0.789254 0.786448 -0.796881 0.796566 0.459519 0.485987 1.20458 1.21639 1.21125 -1.52007 
970000000 0.0242661 0.00598564 -0.456327 1.25691 -1.46132 -1.43599 0.788997 0.786085 -0.796903 0.796604 0.459457 0.485628 1.20462 1.21632 1.21125 -1.51699 
990000000 0.0243155 0.00598478 -0.456082 1.24858 -1.46145 -1.43643 0.78874 0.785727 -0.796925 0.796641 0.459394 0.485271 1.20467 1.21626 1.21125 -1.51394 
10000000 0.0243649 0.0059839 -0.455841 1.24033 -1.46158 -1.43686 0.788487 0.785374 -0.796947 0.796678 0.459332 0.484919 1.20471 1.2162 1.21125 -1.51092 
30000000 0.0244133 0.00598298 -0.455602 1.23216 -1.46171 -1.43729 0.788238 0.785024 -0.796969 0.796715 0.459272 0.48457 1.20475 1.21615 1.21125 -1.50793 
50000000 0.0244627 0.00598202 -0.455363 1.22408 -1.46184 -1.43772 0.787989 0.784678 -0.79699 0.796751 0.459211 0.484225 1.2048 1.21609 1.21125 -1.50497 
70000000 0.0245122 0.00598104 -0.45513 1.21607 -1.46197 -1.43814 0.787744 0.784337 -0.797011 0.796786 0.459151 0.483883 1.20484 1.21603 1.21125 -1.50204 
90000000 0.0245609 0.00598001 -0.454898 1.20814 -1.46209 -1.43856 0.787502 0.783999 -0.797032 0.796821 0.459093 0.483546 1.20488 1.21597 1.21125 -1.49914 
110000000 0.0246105 0.00597897 -0.454667 1.2003 -1.46222 -1.43897 0.787261 0.783666 -0.797052 0.796856 0.459034 0.483212 1.20492 1.21591 1.21125 -1.49627 
130000000 0.0246603 0.00597796 -0.45444 1.19253 -1.46234 -1.43938 0.787023 0.783337 -0.797073 0.79689 0.458976 0.482881 1.20496 1.21586 1.21125 -1.49343 
150000000 0.0247089 0.00597681 -0.454215 1.18483 -1.46246 -1.43978 0.786789 0.783012 -0.797093 0.796923 0.458919 0.482554 1.205 1.2158 1.21125 -1.49061 
170000000 0.0247587 0.00597559 -0.453991 1.17722 -1.46259 -1.44018 0.786554 0.78269 -0.797113 0.796957 0.458862 0.48223 1.20504 1.21575 1.21125 -1.48782 
190000000 0.0248084 0.0059743 -0.453771 1.16967 -1.4627 -1.44057 0.786325 0.782373 -0.797133 0.796989 0.458806 0.48191 1.20508 1.21569 1.21125 -1.48506 
210000000 0.0248573 0.00597294 -0.453553 1.16221 -1.46282 -1.44097 0.786099 0.78206 -0.797151 0.797022 0.458751 0.481593 1.20512 1.21564 1.21125 -1.48233 
230000000 0.0249079 0.0059715 -0.453336 1.15481 -1.46294 -1.44135 0.78587 0.781751 -0.797171 0.797054 0.458695 0.48128 1.20516 1.21559 1.21125 -1.47962 
250000000 0.0249574 0.00596998 -0.453122 1.1475 -1.46306 -1.44174 0.785648 0.781446 -0.79719 0.797085 0.458641 0.480971 1.2052 1.21553 1.21125 -1.47694 
270000000 0.0253828 0.00596848 -0.452907 1.14025 -1.46317 -1.44211 0.78542 0.781144 -0.797209 0.797117 0.458587 0.480664 1.20524 1.21548 1.21125 -1.47429 
290000000 0.0237702 0.00596666 -0.452693 1.13307 -1.46329 -1.44249 0.785192 0.780847 -0.797229 0.797147 0.458533 0.480362 1.20528 1.21543 1.21125 -1.47166 
310000000 0.0237645 0.0059649 -0.452487 1.12597 -1.4634 -1.44286 0.784974 0.780553 -0.797249 0.797178 0.45848 0.480062 1.20531 1.21538 1.21125 -1.46906 
330000000 0.023813 0.00596309 -0.452286 1.11894 -1.46352 -1.44323 0.784761 0.780263 -0.797268 0.797208 0.458429 0.479766 1.20535 1.21533 1.21125 -1.46649 
350000000 0.0238615 0.00596118 -0.452086 1.11197 -1.46363 -1.44359 0.784551 0.779977 -0.797287 0.797237 0.458379 0.479473 1.20538 1.21528 1.21125 -1.46394 
370000000 0.0239119 0.00595922 -0.451888 1.10508 -1.46374 -1.44395 0.784339 0.779695 -0.797307 0.797266 0.458327 0.479183 1.20542 1.21523 1.21125 -1.46142 
390000000 0.0239607 0.00595717 -0.451692 1.09825 -1.46384 -1.4443 0.784133 0.779417 -0.797326 0.797295 0.458278 0.478897 1.20546 1.21518 1.21125 -1.45892 
410000000 0.0240106 0.00595507 -0.451497 1.09149 -1.46395 -1.44466 0.783926 0.779142 -0.797345 0.797323 0.458228 0.478614 1.20549 1.21513 1.21125 -1.45645 
430000000 0.02406 0.00595288 -0.451306 1.0848 -1.46406 -1.445 0.783724 0.778871 -0.797363 0.797351 0.45818 0.478334 1.20552 1.21508 1.21125 -1.454 
450000000 0.0241096 0.00595063 -0.451115 1.07817 -1.46416 -1.44535 0.783521 0.778604 -0.797382 0.797378 0.45813 0.478058 1.20556 1.21504 1.21124 -1.45157 
470000000 0.0241592 0.0059483 -0.450928 1.07161 -1.46427 -1.44569 0.783323 0.77834 -0.7974 0.797405 0.458083 0.477784 1.20559 1.21499 1.21125 -1.44917 
490000000 0.024209 0.0059459 -0.450741 1.06511 -1.46437 -1.44602 0.783125 0.77808 -0.797419 0.797432 0.458035 0.477514 1.20563 1.21494 1.21124 -1.44679 
510000000 0.0242588 0.00594343 -0.450558 1.05868 -1.46447 -1.44636 0.782931 0.777823 -0.797436 0.797458 0.457989 0.477247 1.20566 1.2149 1.21125 -1.44444 
530000000 0.0243088 0.0059409 -0.450374 1.05231 -1.46457 -1.44669 0.782737 0.77757 -0.797454 0.797484 0.457942 0.476984 1.20569 1.21485 1.21125 -1.44211 
550000000 0.0243586 0.0059383 -0.450194 1.04601 -1.46467 -1.44701 0.782547 0.77732 -0.797471 0.797509 0.457896 0.476723 1.20572 1.21481 1.21125 -1.4398 
570000000 0.0244087 0.00593562 -0.450014 1.03977 -1.46477 -1.44734 0.782356 0.777074 -0.797489 0.797534 0.45785 0.476465 1.20576 1.21477 1.21125 -1.43751 
590000000 0.0244586 0.00593288 -0.449838 1.03359 -1.46487 -1.44765 0.78217 0.776831 -0.797505 0.797559 0.457805 0.476211 1.20579 1.21472 1.21125 -1.43525 
610000000 0.0245089 0.00593006 -0.449661 1.02747 -1.46497 -1.44797 0.781984 0.776592 -0.797522 0.797583 0.45776 0.475959 1.20582 1.21468 1.21125 -1.43301 
630000000 0.0245589 0.00592717 -0.449489 1.02141 -1.46506 -1.44828 0.781801 0.776355 -0.797539 0.797606 0.457716 0.475711 1.20585 1.21464 1.21125 -1.43079 
650000000 0.0246089 0.00592422 -0.449316 1.01541 -1.46516 -1.44859 0.781618 0.776123 -0.797556 0.79763 0.457672 0.475465 1.20588 1.21459 1.21125 -1.4286 
670000000 0.0246592 0.00592118 -0.449147 1.00947 -1.46525 -1.4489 0.78144 0.775893 -0.797572 0.797653 0.457629 0.475223 1.20591 1.21455 1.21125 -1.42642 
690000000 0.0247097 0.0059181 -0.448978 1.00359 -1.46535 -1.4492 0.781261 0.775667 -0.797588 0.797675 0.457586 0.474983 1.20594 1.21451 1.21125 -1.42427 
710000000 0.0247599 0.00591492 -0.448812 0.997768 -1.46544 -1.4495 0.781086 0.775444 -0.797603 0.797698 0.457544 0.474747 1.20597 1.21447 1.21125 -1.42214 
730000000 0.0248107 0.0059117 -0.448646 0.992003 -1.46553 -1.44979 0.78091 0.775225 -0.797619 0.79772 0.457501 0.474513 1.206 1.21443 1.21125 -1.42002 
750000000 0.0248607 0.00590839 -0.448483 0.986295 -1.46562 -1.45008 0.780739 0.775008 -0.797634 0.797741 0.45746 0.474282 1.20603 1.21439 1.21125 -1.41793 
770000000 0.0249116 0.00590502 -0.448321 0.980643 -1.46571 -1.45037 0.780567 0.774795 -0.79765 0.797762 0.457418 0.474054 1.20606 1.21435 1.21125 -1.41586 
790000000 0.0249614 0.00590158 -0.448161 0.975048 -1.4658 -1.45066 0.7804 0.774584 -0.797664 0.797783 0.457378 0.473829 1.20609 1.21431 1.21125 -1.41381 
810000000 0.0252678 0.00589815 -0.447997 0.969508 -1.46589 -1.45094 0.780221 0.774377 -0.797681 0.797804 0.457337 0.473607 1.20612 1.21427 1.21125 -1.41178 
830000000 0.0237513 0.00589441 -0.447837 0.964023 -1.46598 -1.45122 0.780048 0.774172 -0.797697 0.797824 0.457296 0.473388 1.20615 1.21424 1.21125 -1.40977 
850000000 0.0237727 0.00589074 -0.447686 0.958592 -1.46606 -1.4515 0.779886 0.773971 -0.797713 0.797843 0.457258 0.473171 1.20617 1.2142 1.21125 -1.40779 
870000000 0.0238226 0.00588703 -0.447535 0.953214 -1.46615 -1.45177 0.779724 0.773773 -0.797729 0.797863 0.457219 0.472957 1.2062 1.21416 1.21125 -1.40581 
890000000 0.0238724 0.00588322 -0.447387 0.94789 -1.46623 -1.45204 0.779566 0.773578 -0.797744 0.797882 0.457182 0.472746 1.20623 1.21412 1.21125 -1.40386 
910000000 0.0239234 0.00587937 -0.447239 0.942618 -1.46631 -1.45231 0.779406 0.773386 -0.79776 0.7979 0.457143 0.472537 1.20626 1.21409 1.21124 -1.40193 
930000000 0.0239737 0.00587545 -0.447092 0.937399 -1.4664 -1.45257 0.779249 0.773197 -0.797775 0.797919 0.457106 0.472331 1.20628 1.21405 1.21124 -1.40002 
950000000 0.0240238 0.00587148 -0.446949 0.932231 -1.46648 -1.45283 0.779095 0.77301 -0.797789 0.797937 0.457069 0.472128 1.20631 1.21402 1.21125 -1.39813 
970000000 0.0240747 0.00586745 -0.446805 0.927114 -1.46656 -1.45309 0.77894 0.772827 -0.797804 0.797954 0.457032 0.471927 1.20633 1.21398 1.21125 -1.39625 
990000000 0.0241243 0.00586336 -0.446664 0.922048 -1.46664 -1.45334 0.778791 0.772646 -0.797818 0.797971 0.456997 0.471729 1.20636 1.21395 1.21125 -1.39439 
10000000 0.0241757 0.00585921 -0.446523 0.917032 -1.46672 -1.4536 0.778639 0.772468 -0.797833 0.797988 0.45696 0.471534 1.20638 1.21391 1.21125 -1.39255 
30000000 0.0242263 0.00585502 -0.446383 0.912066 -1.4668 -1.45385 0.778489 0.772292 -0.797848 0.798005 0.456924 0.471341 1.20641 1.21388 1.21125 -1.39073 
50000000 0.0242765 0.00585077 -0.446247 0.907148 -1.46687 -1.45409 0.778343 0.77212 -0.797862 0.798021 0.45689 0.47115 1.20643 1.21385 1.21125 -1.38893 
70000000 0.0243278 0.00584648 -0.44611 0.90228 -1.46695 -1.45434 0.778196 0.77195 -0.797876 0.798037 0.456854 0.470962 1.20646 1.21381 1.21125 -1.38714 
90000000 0.0243786 0.00584214 -0.445974 0.897459 -1.46703 -1.45458 0.778051 0.771783 -0.797889 0.798053 0.456819 0.470777 1.20648 1.21378 1.21125 -1.38538 
110000000 0.0244291 0.00583777 -0.445842 0.892686 -1.4671 -1.45482 0.77791 0.771618 -0.797903 0.798068 0.456786 0.470594 1.20651 1.21375 1.21125 -1.38363 
130000000 0.0244801 0.00583337 -0.44571 0.88796 -1.46718 -1.45505 0.777767 0.771456 -0.797917 0.798083 0.456751 0.470413 1.20653 1.21372 1.21125 -1.38189 
150000000 0.0245299 0.00582897 -0.445578 0.883281 -1.46725 -1.45529 0.777626 0.771297 -0.797931 0.798098 0.456718 0.470234 1.20655 1.21368 1.21125 -1.38018 
170000000 0.0245817 0.00582445 -0.44545 0.878649 -1.46732 -1.45552 0.777489 0.77114 -0.797944 0.798113 0.456685 0.470058 1.20658 1.21365 1.21125 -1.37848 
190000000 0.0246329 0.00581998 -0.445321 0.874062 -1.46739 -1.45575 0.777351 0.770985 -0.797957 0.798127 0.456652 0.469884 1.2066 1.21362 1.21125 -1.3768 
210000000 0.0246832 0.00581552 -0.445193 0.869521 -1.46747 -1.45597 0.777215 0.770833 -0.79797 0.798141 0.456619 0.469713 1.20662 1.21359 1.21125 -1.37513 
230000000 0.0247351 0.00581096 -0.445069 0.865024 -1.46754 -1.45619 0.777081 0.770684 -0.797982 0.798154 0.456588 0.469543 1.20665 1.21356 1.21125 -1.37348 
250000000 0.0247864 0.00580646 -0.444943 0.860572 -1.46761 -1.45641 0.776947 0.770537 -0.797994 0.798167 0.456555 0.469376 1.20667 1.21353 1.21125 -1.37185 
270000000 0.0248367 0.005802 -0.444819 0.856164 -1.46768 -1.45663 0.776815 0.770392 -0.798007 0.79818 0.456524 0.469211 1.20669 1.2135 1.21125 -1.37023 
290000000 0.0248888 0.00579747 -0.444698 0.8518 -1.46774 -1.45685 0.776686 0.770249 -0.798019 0.798193 0.456493 0.469048 1.20671 1.21347 1.21125 -1.36863 
310000000 0.0249401 0.00579301 -0.444577 0.847479 -1.46781 -1.45706 0.776555 0.770109 -0.798031 0.798205 0.456461 0.468887 1.20674 1.21345 1.21125 -1.36705 
330000000 0.0249906 0.00578864 -0.444456 0.8432 -1.46788 -1.45727 0.776427 0.769971 -0.798043 0.798217 0.456431 0.468728 1.20676 1.21342 1.21125 -1.36548 
350000000 0.0239135 0.00578415 -0.444331 0.838965 -1.46795 -1.45748 0.776287 0.769835 -0.798056 0.798229 0.4564 0.468571 1.20678 1.21339 1.21125 -1.36393 
370000000 0.0237547 0.00577978 -0.444216 0.834772 -1.46802 -1.45768 0.776161 0.769701 -0.798069 0.798241 0.45637 0.468416 1.2068 1.21336 1.21125 -1.36239 
390000000 0.0238029 0.00577548 -0.444103 0.830619 -1.46808 -1.45789 0.776037 0.76957 -0.798082 0.798252 0.456341 0.468262 1.20682 1.21334 1.21125 -1.36087 
410000000 0.0238533 0.00577125 -0.443992 0.826508 -1.46815 -1.45809 0.775918 0.76944 -0.798095 0.798263 0.456313 0.468111 1.20684 1.21331 1.21125 -1.35936 
430000000 0.0239045 0.00576709 -0.443882 0.822437 -1.46821 -1.45829 0.775796 0.769313 -0.798108 0.798274 0.456284 0.467961 1.20686 1.21328 1.21125 -1.35787 
450000000 0.0239553 0.00576302 -0.443772 0.818408 -1.46828 -1.45848 0.775676 0.769188 -0.79812 0.798285 0.456256 0.467812 1.20688 1.21326 1.21125 -1.3564 
470000000 0.0240057 0.00575902 -0.443665 0.814417 -1.46834 -1.45868 0.775561 0.769065 -0.798132 0.798295 0.456229 0.467666 1.2069 1.21323 1.21125 -1.35494 
490000000 0.0240573 0.0057551 -0.443556 0.810467 -1.4684 -1.45887 0.775442 0.768944 -0.798144 0.798305 0.456201 0.467521 1.20692 1.21321 1.21125 -1.3535 
510000000 0.0241085 0.0057513 -0.44345 0.806556 -1.46846 -1.45906 0.775325 0.768826 -0.798156 0.798315 0.456173 0.467378 1.20694 1.21319 1.21125 -1.35207 
530000000 0.0241598 0.00574757 -0.443344 0.802683 -1.46852 -1.45924 0.77521 0.768709 -0.798168 0.798324 0.456146 0.467236 1.20696 1.21316 1.21125 -1.35065 
550000000 0.0242103 0.00574394 -0.44324 0.798849 -1.46858 -1.45943 0.775099 0.768595 -0.798179 0.798333 0.45612 0.467095 1.20697 1.21314 1.21125 -1.34925 
570000000 0.0242618 0.0057404 -0.443137 0.795052 -1.46864 -1.45961 0.774985 0.768482 -0.798191 0.798342 0.456093 0.466957 1.20699 1.21312 1.21125 -1.34787 
590000000 0.0243131 0.00573696 -0.443034 0.791294 -1.4687 -1.45979 0.774873 0.768372 -0.798203 0.798351 0.456066 0.466819 1.20701 1.21309 1.21125 -1.3465 
610000000 0.0243631 0.00573363 -0.442932 0.787573 -1.46876 -1.45997 0.774763 0.768264 -0.798214 0.79836 0.45604 0.466683 1.20703 1.21307 1.21125 -1.34515 
630000000 0.024415 0.00573031 -0.442834 0.783888 -1.46882 -1.46015 0.774656 0.768159 -0.798225 0.798368 0.456015 0.466549 1.20705 1.21305 1.21125 -1.3438 
650000000 0.0244666 0.00572712 -0.442734 0.78024 -1.46887 -1.46032 0.774547 0.768056 -0.798236 0.798376 0.455989 0.466416 1.20707 1.21303 1.21125 -1.34248 
670000000 0.024518 0.00572401 -0.442635 0.776628 -1.46893 -1.46049 0.774439 0.767955 -0.798247 0.798383 0.455963 0.466284 1.20708 1.21301 1.21125 -1.34117 
690000000 0.0245686 0.00572096 -0.442539 0.773051 -1.46899 -1.46066 0.774336 0.767857 -0.798257 0.798391 0.455939 0.466154 1.2071 1.21299 1.21125 -1.33987 
710000000 0.0246204 0.00571798 -0.442443 0.76951 -1.46904 -1.46083 0.77423 0.767762 -0.798267 0.798398 0.455914 0.466025 1.20712 1.21297 1.21125 -1.33859 
730000000 0.0246721 0.00571507 -0.442347 0.766004 -1.4691 -1.46099 0.774125 0.76767 -0.798278 0.798405 0.455889 0.465897 1.20714 1.21296 1.21125 -1.33732 
750000000 0.0247233 0.00571229 -0.442252 0.762533 -1.46915 -1.46115 0.774021 0.767582 -0.798288 0.798411 0.455864 0.46577 1.20715 1.21294 1.21125 -1.33607 
770000000 0.0247739 0.00571061 -0.442161 0.759094 -1.4692 -1.46131 0.773922 0.767498 -0.798298 0.798416 0.455841 0.465646 1.20717 1.21292 1.21125 -1.33484 
790000000 0.024826 0.00570837 -0.442068 0.755689 -1.46925 -1.46146 0.773821 0.76742 -0.798308 0.798422 0.455817 0.465524 1.20719 1.21291 1.21125 -1.33361 
810000000 0.0248778 0.00570572 -0.441977 0.752316 -1.46931 -1.46161 0.77372 0.767347 -0.798318 0.798428 0.455793 0.465404 1.2072 1.2129 1.21125 -1.33241 
830000000 0.02493 0.00570017 -0.441885 0.748976 -1.46936 -1.46177 0.77362 0.767277 -0.798327 0.798434 0.455769 0.465289 1.20722 1.21289 1.21125 -1.33121 
850000000 0.0249807 0.00569764 -0.441797 0.745669 -1.46941 -1.46191 0.773525 0.767209 -0.798336 0.79844 0.455747 0.465174 1.20724 1.21288 1.21125 -1.33003 
870000000 0.0242096 0.00569221 -0.441699 0.742396 -1.46946 -1.46206 0.773413 0.76714 -0.798347 0.798446 0.455723 0.465063 1.20725 1.21286 1.21125 -1.32885 
890000000 0.0237488 0.005687 -0.441615 0.739152 -1.46951 -1.46221 0.773316 0.767074 -0.798357 0.798452 0.4557 0.464953 1.20727 1.21285 1.21125 -1.32769 
910000000 0.0237944 0.00568265 -0.441531 0.735942 -1.46956 -1.46235 0.773221 0.767012 -0.798367 0.798458 0.455677 0.464846 1.20728 1.21284 1.21125 -1.32654 
930000000 0.0238457 0.00567841 -0.441447 0.732763 -1.46961 -1.46249 0.773127 0.76695 -0.798377 0.798464 0.455655 0.46474 1.2073 1.21283 1.21125 -1.3254 
950000000 0.023896 0.00567402 -0.441367 0.729615 -1.46966 -1.46263 0.773038 0.766891 -0.798386 0.79847 0.455635 0.464636 1.20731 1.21283 1.21125 -1.32427 
970000000 0.0239481 0.0056677 -0.441285 0.726498 -1.46971 -1.46277 0.772946 0.766833 -0.798396 0.798476 0.455613 0.464535 1.20733 1.21282 1.21125 -1.32315 
990000000 0.0240001 0.00566086 -0.441204 0.723413 -1.46976 -1.46291 0.772855 0.766777 -0.798406 0.798481 0.455591 0.464436 1.20734 1.21281 1.21125 -1.32204 
10000000 0.0240514 0.00565497 -0.441124 0.720357 -1.4698 -1.46305 0.772765 0.766723 -0.798416 0.798487 0.45557 0.464339 1.20736 1.2128 1.21125 -1.32094 
30000000 0.024103 0.00564941 -0.441046 0.717331 -1.46985 -1.46318 0.772675 0.766671 -0.798426 0.798493 0.455549 0.464243 1.20737 1.21279 1.21125 -1.31986 
50000000 0.0241537 0.00564337 -0.440969 0.714334 -1.46989 -1.46331 0.772591 0.766622 -0.798435 0.798499 0.45553 0.46415 1.20739 1.21278 1.21125 -1.31878 
70000000 0.0242058 0.00563596 -0.440892 0.711368 -1.46994 -1.46344 0.772503 0.766572 -0.798445 0.798504 0.45551 0.464059 1.2074 1.21278 1.21125 -1.31771 
90000000 0.0242578 0.0056308 -0.440815 0.70843 -1.46999 -1.46357 0.772416 0.766527 -0.798455 0.798511 0.455489 0.46397 1.20742 1.21277 1.21125 -1.31666 
110000000 0.0243096 0.00562233 -0.440739 0.705521 -1.47003 -1.4637 0.77233 0.766481 -0.798464 0.798516 0.455469 0.463883 1.20743 1.21276 1.21125 -1.31561 
130000000 0.0243613 0.00561534 -0.440664 0.70264 -1.47008 -1.46383 0.772246 0.766439 -0.798473 0.798522 0.455449 0.463798 1.20744 1.21276 1.21125 -1.31458 
150000000 0.0244125 0.00560837 -0.44059 0.699788 -1.47012 -1.46395 0.772166 0.766399 -0.798481 0.798528 0.455431 0.463714 1.20746 1.21275 1.21125 -1.31356 
170000000 0.024465 0.00560013 -0.440516 0.696963 -1.47016 -1.46408 0.772082 0.76636 -0.79849 0.798534 0.455411 0.463634 1.20747 1.21275 1.21125 -1.31254 
190000000 0.0245173 0.00559206 -0.440442 0.694166 -1.4702 -1.4642 0.771999 0.766322 -0.798498 0.79854 0.455391 0.463555 1.20748 1.21274 1.21125 -1.31153 
210000000 0.0245693 0.00558425 -0.440369 0.691396 -1.47025 -1.46432 0.771917 0.766288 -0.798507 0.798546 0.455372 0.463478 1.2075 1.21274 1.21125 -1.31054 
230000000 0.0246217 0.00557572 -0.440296 0.688654 -1.47029 -1.46444 0.771837 0.766255 -0.798515 0.798552 0.455353 0.463402 1.20751 1.21274 1.21125 -1.30955 
250000000 0.0246724 0.00556729 -0.440225 0.685938 -1.47033 -1.46456 0.771758 0.766224 -0.798524 0.798558 0.455334 0.463329 1.20752 1.21273 1.21125 -1.30858 
270000000 0.0247254 0.00555871 -0.440155 0.683249 -1.47037 -1.46467 0.771682 0.766195 -0.798531 0.798565 0.455317 0.463258 1.20754 1.21273 1.21125 -1.30761 
290000000 0.024778 0.00554945 -0.440085 0.680585 -1.47041 -1.46479 0.771602 0.766167 -0.798539 0.798571 0.455298 0.463188 1.20755 1.21273 1.21125 -1.30665 
310000000 0.0248304 0.00554066 -0.440016 0.677947 -1.47045 -1.4649 0.771525 0.766142 -0.798547 0.798577 0.455279 0.46312 1.20756 1.21273 1.21125 -1.30571 
330000000 0.0248828 0.00553174 -0.439946 0.675336 -1.47049 -1.46501 0.771447 0.76612 -0.798555 0.798583 0.455261 0.463054 1.20758 1.21273 1.21125 -1.30477 
350000000 0.0249352 0.00552158 -0.439878 0.67275 -1.47053 -1.46512 0.771372 0.766097 -0.798563 0.79859 0.455243 0.462991 1.20759 1.21273 1.21125 -1.30384 
370000000 0.0249868 0.00551175 -0.43981 0.670189 -1.47057 -1.46523 0.771297 0.766078 -0.798571 0.798597 0.455225 0.462928 1.2076 1.21273 1.21125 -1.30292 
390000000 0.0239644 0.00550321 -0.439736 0.667654 -1.47061 -1.46534 0.77121 0.76606 -0.798579 0.798604 0.455208 0.462868 1.20761 1.21273 1.21125 -1.30201 
410000000 0.0237543 0.00549133 -0.439672 0.665143 -1.47065 -1.46545 0.771137 0.766043 -0.798588 0.79861 0.455191 0.462809 1.20762 1.21273 1.21125 -1.3011 
430000000 0.023803 0.00548251 -0.43961 0.662656 -1.47069 -1.46555 0.771065 0.766029 -0.798596 0.798618 0.455174 0.462752 1.20764 1.21273 1.21125 -1.30021 
450000000 0.0238553 0.0054706 -0.439549 0.660192 -1.47073 -1.46566 0.770993 0.766016 -0.798605 0.798624 0.455158 0.462697 1.20765 1.21273 1.21125 -1.29933 
470000000 0.0239074 0.0054604 -0.439487 0.657753 -1.47076 -1.46576 0.770923 0.766005 -0.798614 0.798631 0.455142 0.462644 1.20766 1.21273 1.21125 -1.29845 
490000000 0.0239599 0.00544914 -0.439425 0.655338 -1.4708 -1.46586 0.770853 0.765997 -0.798622 0.798638 0.455125 0.462591 1.20767 1.21273 1.21125 -1.29758 
510000000 0.0240111 0.00543765 -0.439368 0.652944 -1.47084 -1.46596 0.770788 0.765989 -0.798629 0.798646 0.455111 0.462541 1.20768 1.21274 1.21125 -1.29672 
530000000 0.0240637 0.00542632 -0.439308 0.650575 -1.47087 -1.46606 0.770719 0.765983 -0.798638 0.798654 0.455095 0.462492 1.20769 1.21274 1.21125 -1.29587 
550000000 0.0241163 0.0054149 -0.439249 0.64823 -1.47091 -1.46616 0.770651 0.765979 -0.798646 0.798662 0.455079 0.462444 1.2077 1.21274 1.21125 -1.29503 
570000000 0.0241684 0.00540376 -0.439191 0.645905 -1.47094 -1.46626 0.770584 0.765976 -0.798654 0.798671 0.455063 0.462397 1.20771 1.21275 1.21125 -1.2942 
590000000 0.0242207 0.00539063 -0.439134 0.643604 -1.47098 -1.46635 0.770518 0.765976 -0.798662 0.798678 0.455048 0.462352 1.20772 1.21275 1.21124 -1.29337 
610000000 0.0242732 0.00537798 -0.439077 0.641325 -1.47101 -1.46645 0.770452 0.765976 -0.798671 0.798686 0.455033 0.462308 1.20773 1.21276 1.21124 -1.29256 
630000000 0.0243248 0.00536537 -0.43902 0.639071 -1.47105 -1.46654 0.770391 0.765978 -0.798678 0.798695 0.45502 0.462266 1.20774 1.21276 1.21125 -1.29175 
650000000 0.0243778 0.00535277 -0.438964 0.636836 -1.47108 -1.46663 0.770326 0.765982 -0.798685 0.798704 0.455004 0.462226 1.20775 1.21277 1.21125 -1.29095 
670000000 0.0244302 0.00534084 -0.438907 0.634624 -1.47111 -1.46672 0.770262 0.765986 -0.798693 0.798713 0.45499 0.462187 1.20776 1.21277 1.21124 -1.29015 
690000000 0.0244827 0.005328 -0.438852 0.632433 -1.47115 -1.46681 0.770199 0.765993 -0.798701 0.798722 0.454975 0.46215 1.20777 1.21278 1.21124 -1.28937 
710000000 0.0245355 0.00531386 -0.438795 0.630264 -1.47118 -1.4669 0.770136 0.766001 -0.798708 0.798731 0.45496 0.462114 1.20778 1.21279 1.21124 -1.28859 
730000000 0.0245886 0.00529956 -0.43874 0.628116 -1.47121 -1.46699 0.770075 0.76601 -0.798715 0.798739 0.454946 0.462079 1.20779 1.21279 1.21125 -1.28782 
750000000 0.02464 0.00528636 -0.438684 0.625988 -1.47125 -1.46708 0.770014 0.766022 -0.798722 0.798748 0.454932 0.462045 1.2078 1.2128 1.21125 -1.28705 
770000000 0.0246934 0.0052737 -0.438631 0.623882 -1.47128 -1.46716 0.769956 0.766033 -0.798728 0.798759 0.454919 0.462014 1.20781 1.21281 1.21125 -1.2863 
790000000 0.0247465 0.00525849 -0.438576 0.621797 -1.47131 -1.46725 0.769895 0.766046 -0.798735 0.798767 0.454904 0.461983 1.20782 1.21282 1.21125 -1.28555 
810000000 0.0247995 0.00524454 -0.438521 0.619732 -1.47134 -1.46733 0.769836 0.766061 -0.798742 0.798776 0.45489 0.461954 1.20783 1.21283 1.21125 -1.28481 
830000000 0.0248527 0.00523188 -0.438466 0.617688 -1.47137 -1.46741 0.769777 0.766077 -0.798748 0.798787 0.454876 0.461926 1.20784 1.21284 1.21125 -1.28408 
850000000 0.0249056 0.00521649 -0.438411 0.615664 -1.4714 -1.46749 0.769718 0.766096 -0.798754 0.798796 0.454862 0.461899 1.20785 1.21285 1.21125 -1.28335 
870000000 0.0249587 0.00520197 -0.438357 0.613658 -1.47143 -1.46757 0.76966 0.766115 -0.79876 0.798805 0.454849 0.461872 1.20786 1.21286 1.21125 -1.28263 
890000000 0.0253256 0.00518732 -0.438299 0.611673 -1.47147 -1.46765 0.769596 0.766134 -0.798767 0.798815 0.454835 0.461848 1.20787 1.21287 1.21125 -1.28192 
910000000 0.0237587 0.005173 -0.438243 0.609705 -1.4715 -1.46773 0.769533 0.766156 -0.798774 0.798825 0.454821 0.461824 1.20788 1.21288 1.21125 -1.28122 
930000000 0.0237768 0.00515778 -0.438194 0.607759 -1.47153 -1.46781 0.76948 0.766178 -0.79878 0.798835 0.454809 0.461802 1.20789 1.21289 1.21125 -1.28052 
950000000 0.0238289 0.00514306 -0.438146 0.605831 -1.47156 -1.46789 0.769426 0.766202 -0.798787 0.798845 0.454797 0.46178 1.2079 1.2129 1.21125 -1.27983 
970000000 0.0238818 0.00512808 -0.438097 0.603922 -1.47159 -1.46796 0.769371 0.766227 -0.798794 0.798855 0.454785 0.46176 1.20791 1.21291 1.21125 -1.27914 
990000000 0.0239345 0.005114 -0.43805 0.60203 -1.47162 -1.46804 0.769318 0.766252 -0.798802 0.798866 0.454772 0.461741 1.20791 1.21292 1.21125 -1.27846 
10000000 0.0239872 0.00509723 -0.438002 0.600159 -1.47164 -1.46811 0.769265 0.766279 -0.798809 0.798875 0.45476 0.461723 1.20792 1.21293 1.21125 -1.27779 
30000000 0.0240402 0.00508192 -0.437956 0.598302 -1.47167 -1.46818 0.769213 0.766306 -0.798816 0.798886 0.454748 0.461706 1.20793 1.21294 1.21125 -1.27713 
50000000 0.0240931 0.00506763 -0.437909 0.596465 -1.4717 -1.46826 0.769162 0.766335 -0.798822 0.798896 0.454736 0.461689 1.20794 1.21296 1.21125 -1.27647 
70000000 0.024145 0.00505088 -0.437863 0.594645 -1.47173 -1.46833 0.769111 0.766364 -0.798829 0.798906 0.454725 0.461674 1.20795 1.21297 1.21125 -1.27582 
90000000 0.0241986 0.00503471 -0.437816 0.592844 -1.47176 -1.4684 0.76906 0.766394 -0.798835 0.798916 0.454713 0.46166 1.20796 1.21298 1.21125 -1.27517 
110000000 0.024252 0.00501959 -0.437773 0.59106 -1.47179 -1.46846 0.769013 0.766426 -0.798841 0.798927 0.454702 0.461647 1.20796 1.21299 1.21125 -1.27453 
130000000 0.0243053 0.00500437 -0.437727 0.589294 -1.47181 -1.46853 0.768963 0.766457 -0.798847 0.798938 0.454691 0.461634 1.20797 1.21301 1.21125 -1.2739 
150000000 0.0243586 0.00498702 -0.437682 0.587544 -1.47184 -1.4686 0.768914 0.76649 -0.798853 0.798948 0.454679 0.461623 1.20798 1.21302 1.21125 -1.27327 
170000000 0.0244122 0.00497067 -0.437637 0.585812 -1.47187 -1.46867 0.768865 0.766523 -0.798858 0.798959 0.454668 0.461612 1.20799 1.21303 1.21125 -1.27265 
190000000 0.0244654 0.00495446 -0.437592 0.584096 -1.47189 -1.46873 0.768816 0.766558 -0.798864 0.798969 0.454656 0.461602 1.20799 1.21305 1.21125 -1.27204 
210000000 0.0245188 0.00493822 -0.437548 0.582398 -1.47192 -1.4688 0.768769 0.766593 -0.79887 0.79898 0.454645 0.461594 1.208 1.21306 1.21125 -1.27143 
230000000 0.0245724 0.00492154 -0.437503 0.580716 -1.47195 -1.46886 0.768721 0.766628 -0.798876 0.798991 0.454634 0.461585 1.20801 1.21307 1.21125 -1.27082 
250000000 0.024626 0.00490463 -0.437459 0.57905 -1.47197 -1.46893 0.768675 0.766663 -0.798881 0.799002 0.454623 0.461578 1.20802 1.21309 1.21125 -1.27023 
270000000 0.0246783 0.00488782 -0.437416 0.577401 -1.472 -1.46899 0.768628 0.7667 -0.798886 0.799013 0.454612 0.461573 1.20803 1.2131 1.21125 -1.26963 
290000000 0.0247321 0.00487089 -0.437374 0.575767 -1.47202 -1.46905 0.768585 0.766737 -0.79889 0.799024 0.454602 0.461567 1.20803 1.21312 1.21125 -1.26905 
310000000 0.0247859 0.00485398 -0.437332 0.57415 -1.47205 -1.46911 0.76854 0.766775 -0.798896 0.799036 0.454592 0.461563 1.20804 1.21313 1.21125 -1.26847 
330000000 0.0248398 0.00483703 -0.437289 0.572548 -1.47207 -1.46917 0.768494 0.766814 -0.798901 0.799047 0.454581 0.461558 1.20805 1.21315 1.21126 -1.26789 
350000000 0.0248938 0.00482004 -0.437246 0.570962 -1.4721 -1.46923 0.76845 0.766853 -0.798905 0.799058 0.45457 0.461554 1.20806 1.21316 1.21126 -1.26733 
370000000 0.0249479 0.00480301 -0.437204 0.569391 -1.47212 -1.46929 0.768405 0.766893 -0.79891 0.79907 0.454559 0.46155 1.20806 1.21318 1.21126 -1.26676 
390000000 0.0250017 0.00478596 -0.437162 0.567836 -1.47215 -1.46935 0.768361 0.766933 -0.798914 0.799081 0.454549 0.461547 1.20807 1.21319 1.21126 -1.26621 
410000000 0.0238011 0.00476887 -0.437114 0.566296 -1.47218 -1.46941 0.768304 0.766972 -0.798921 0.799093 0.454538 0.461544 1.20808 1.21321 1.21125 -1.26566 
430000000 0.0237685 0.00475176 -0.437076 0.564771 -1.4722 -1.46947 0.768261 0.767013 -0.798926 0.799105 0.454528 0.461541 1.20808 1.21322 1.21125 -1.26511 
450000000 0.0238209 0.00473458 -0.437039 0.563261 -1.47222 -1.46952 0.76822 0.767054 -0.798932 0.799116 0.454518 0.461538 1.20809 1.21324 1.21125 -1.26458 
470000000 0.0238742 0.00471738 -0.437002 0.561765 -1.47225 -1.46958 0.768179 0.767096 -0.798938 0.799128 0.454509 0.461536 1.2081 1.21326 1.21125 -1.26404 
490000000 0.0239277 0.00469936 -0.436966 0.560285 -1.47227 -1.46964 0.768139 0.767136 -0.798944 0.799139 0.4545 0.461536 1.2081 1.21327 1.21125 -1.26351 
510000000 0.0239799 0.0046822 -0.43693 0.558818 -1.47229 -1.46969 0.768099 0.767179 -0.79895 0.799151 0.454491 0.461536 1.20811 1.21329 1.21125 -1.26299 
530000000 0.0240337 0.00466431 -0.436896 0.557367 -1.47231 -1.46974 0.768063 0.767221 -0.798954 0.799163 0.454483 0.461536 1.20811 1.2133 1.21125 -1.26247 
550000000 0.0240875 0.00464796 -0.43686 0.555929 -1.47234 -1.4698 0.768024 0.767264 -0.798959 0.799176 0.454474 0.461537 1.20812 1.21332 1.21125 -1.26196 
570000000 0.0241414 0.00463023 -0.436824 0.554505 -1.47236 -1.46985 0.767985 0.767307 -0.798964 0.799187 0.454465 0.461539 1.20813 1.21334 1.21126 -1.26145 
590000000 0.0241953 0.00461121 -0.436789 0.553095 -1.47238 -1.4699 0.767946 0.76735 -0.798969 0.799199 0.454456 0.461541 1.20813 1.21335 1.21126 -1.26094 
610000000 0.0242491 0.00459281 -0.436753 0.551699 -1.4724 -1.46996 0.767908 0.767394 -0.798974 0.799211 0.454447 0.461544 1.20814 1.21337 1.21126 -1.26044 
630000000 0.0243032 0.00457467 -0.436717 0.550317 -1.47242 -1.47001 0.76787 0.767438 -0.798978 0.799222 0.454437 0.461547 1.20815 1.21339 1.21126 -1.25995 
650000000 0.0243567 0.00455669 -0.436682 0.548948 -1.47244 -1.47006 0.767832 0.767482 -0.798983 0.799234 0.454429 0.461551 1.20815 1.2134 1.21126 -1.25946 
670000000 0.0244105 0.00453976 -0.436648 0.547593 -1.47246 -1.47011 0.767795 0.767526 -0.798987 0.799247 0.45442 0.461555 1.20816 1.21342 1.21126 -1.25898 
690000000 0.0244648 0.0045198 -0.436613 0.54625 -1.47248 -1.47016 0.767758 0.76757 -0.798992 0.799259 0.454411 0.46156 1.20816 1.21344 1.21126 -1.2585 
710000000 0.0245186 0.00450149 -0.436579 0.544921 -1.4725 -1.47021 0.767722 0.767615 -0.798996 0.799271 0.454402 0.461565 1.20817 1.21345 1.21126 -1.25802 
730000000 0.0245724 0.00448326 -0.436545 0.543605 -1.47253 -1.47025 0.767686 0.76766 -0.799001 0.799283 0.454394 0.46157 1.20818 1.21347 1.21126 -1.25755 
750000000 0.0246264 0.00446483 -0.436512 0.542302 -1.47255 -1.4703 0.76765 0.767705 -0.799006 0.799296 0.454386 0.461576 1.20818 1.21349 1.21126 -1.25709 
770000000 0.0246791 0.00444598 -0.436479 0.541012 -1.47257 -1.47035 0.767615 0.76775 -0.79901 0.799307 0.454378 0.461582 1.20819 1.21351 1.21126 -1.25662 
790000000 0.0247335 0.00442756 -0.436448 0.539734 -1.47258 -1.4704 0.767583 0.767796 -0.799013 0.79932 0.454371 0.461588 1.20819 1.21352 1.21126 -1.25617 
810000000 0.0247879 0.00440995 -0.436414 0.538469 -1.4726 -1.47044 0.767549 0.767841 -0.799017 0.799333 0.454362 0.461595 1.2082 1.21354 1.21126 -1.25572 
830000000 0.0248423 0.00439055 -0.436381 0.537216 -1.47262 -1.47049 0.767514 0.767887 -0.799021 0.799345 0.454354 0.461602 1.2082 1.21356 1.21126 -1.25527 
850000000 0.0248968 0.00437105 -0.436348 0.535976 -1.47264 -1.47053 0.76748 0.767932 -0.799024 0.799356 0.454345 0.461609 1.20821 1.21357 1.21126 -1.25483 
870000000 0.024951 0.00435374 -0.436315 0.534747 -1.47266 -1.47058 0.767446 0.767978 -0.799028 0.79937 0.454337 0.461617 1.20822 1.21359 1.21127 -1.25439 
890000000 0.0253456 0.00433387 -0.436282 0.533531 -1.47268 -1.47062 0.76741 0.768024 -0.799032 0.799381 0.454329 0.461625 1.20822 1.21361 1.21127 -1.25395 
910000000 0.0237869 0.00431432 -0.436244 0.532327 -1.4727 -1.47067 0.767365 0.768069 -0.799037 0.799394 0.454321 0.461633 1.20823 1.21363 1.21126 -1.25352 
930000000 0.0237719 0.0042964 -0.436215 0.531134 -1.47272 -1.47071 0.767333 0.768114 -0.799042 0.799407 0.454313 0.461641 1.20823 1.21365 1.21126 -1.2531 
950000000 0.0238249 0.004276 -0.436187 0.529953 -1.47274 -1.47075 0.767302 0.768161 -0.799046 0.799418 0.454306 0.461651 1.20824 1.21366 1.21126 -1.25268 
970000000 0.0238789 0.0042567 -0.436158 0.528784 -1.47276 -1.4708 0.76727 0.768207 -0.79905 0.79943 0.454299 0.46166 1.20824 1.21368 1.21126 -1.25226 
990000000 0.0239328 0.00423784 -0.43613 0.527626 -1.47277 -1.47084 0.76724 0.768253 -0.799055 0.799444 0.454292 0.46167 1.20825 1.2137 1.21126 -1.25185 
10000000 0.023987 0.00421798 -0.436102 0.526479 -1.47279 -1.47088 0.76721 0.768299 -0.799059 0.799455 0.454284 0.46168 1.20825 1.21372 1.21126 -1.25144 
30000000 0.0240408 0.00419991 -0.436074 0.525344 -1.47281 -1.47092 0.767179 0.768345 -0.799063 0.799468 0.454277 0.46169 1.20826 1.21373 1.21126 -1.25103 
50000000 0.0240947 0.00417917 -0.436047 0.52422 -1.47283 -1.47096 0.767149 0.768391 -0.799067 0.79948 0.454271 0.461701 1.20826 1.21375 1.21126 -1.25063 
70000000 0.0241486 0.0041608 -0.43602 0.523107 -1.47284 -1.471 0.76712 0.768437 -0.799072 0.799493 0.454264 0.461712 1.20827 1.21377 1.21126 -1.25023 
90000000 0.0242028 0.00413983 -0.435994 0.522004 -1.47286 -1.47104 0.767091 0.768484 -0.799076 0.799505 0.454257 0.461723 1.20827 1.21379 1.21126 -1.24984 
110000000 0.0242568 0.00412033 -0.435967 0.520913 -1.47288 -1.47108 0.767062 0.76853 -0.79908 0.799517 0.454251 0.461734 1.20827 1.2138 1.21126 -1.24945 
130000000 0.0243097 0.00410107 -0.43594 0.519832 -1.47289 -1.47112 0.767034 0.768576 -0.799085 0.79953 0.454244 0.461745 1.20828 1.21382 1.21126 -1.24906 
150000000 0.024364 0.00408113 -0.435914 0.518763 -1.47291 -1.47116 0.767005 0.768623 -0.799088 0.799542 0.454237 0.461756 1.20828 1.21384 1.21126 -1.24868 
170000000 0.0244185 0.00406152 -0.435889 0.517703 -1.47293 -1.4712 0.76698 0.768668 -0.799091 0.799555 0.454232 0.461768 1.20829 1.21386 1.21127 -1.2483 
190000000 0.0244729 0.00404142 -0.435862 0.516654 -1.47294 -1.47123 0.766952 0.768714 -0.799094 0.799567 0.454225 0.461779 1.20829 1.21387 1.21127 -1.24793 
210000000 0.0245273 0.00402312 -0.435836 0.515615 -1.47296 -1.47127 0.766924 0.76876 -0.799098 0.79958 0.454219 0.46179 1.2083 1.21389 1.21127 -1.24756 
230000000 0.0245818 0.00400212 -0.43581 0.514587 -1.47297 -1.47131 0.766897 0.768806 -0.799101 0.799592 0.454212 0.461802 1.2083 1.21391 1.21127 -1.24719 
250000000 0.0246362 0.0039835 -0.435784 0.513569 -1.47299 -1.47134 0.766869 0.768851 -0.799105 0.799605 0.454205 0.461813 1.20831 1.21393 1.21127 -1.24683 
270000000 0.0246908 0.00396231 -0.435758 0.51256 -1.473 -1.47138 0.766842 0.768897 -0.799108 0.799616 0.454199 0.461825 1.20831 1.21395 1.21127 -1.24647 
290000000 0.0247451 0.00394259 -0.435732 0.511562 -1.47302 -1.47141 0.766816 0.768942 -0.799111 0.799628 0.454193 0.461837 1.20832 1.21396 1.21127 -1.24612 
310000000 0.0247999 0.00392303 -0.435706 0.510574 -1.47303 -1.47145 0.766789 0.768987 -0.799114 0.799641 0.454186 0.461848 1.20832 1.21398 1.21127 -1.24576 
330000000 0.0248545 0.00390245 -0.435681 0.509595 -1.47305 -1.47148 0.766763 0.769032 -0.799117 0.799652 0.45418 0.461861 1.20832 1.214 1.21127 -1.24542 
350000000 0.0249092 0.00388282 -0.435654 0.508626 -1.47306 -1.47152 0.766737 0.769077 -0.799119 0.799665 0.454173 0.461874 1.20833 1.21402 1.21127 -1.24507 
370000000 0.024964 0.00386218 -0.435629 0.507666 -1.47308 -1.47155 0.766711 0.769123 -0.799122 0.799676 0.454167 0.461886 1.20833 1.21403 1.21127 -1.24473 
390000000 0.0252012 0.00384251 -0.435597 0.506716 -1.4731 -1.47159 0.766674 0.769167 -0.799126 0.799689 0.45416 0.461899 1.20834 1.21405 1.21127 -1.24439 
