Time gripper_l_joint gripper_r_joint yumi_joint_1_l yumi_joint_1_r yumi_joint_2_l yumi_joint_2_r yumi_joint_3_l yumi_joint_3_r yumi_joint_4_l yumi_joint_4_r yumi_joint_5_l yumi_joint_5_r yumi_joint_6_l yumi_joint_6_r yumi_joint_7_l yumi_joint_7_r 
150000000 0.00325817 0.000708879 -0.417185 0.41599 -1.46687 -1.46704 0.743606 0.743981 -0.793 0.793353 0.446041 0.445867 1.19941 1.19963 1.19987 -1.20022 
170000000 0.00325807 0.000705107 -0.417196 0.416293 -1.46686 -1.46692 0.743609 0.743294 -0.793 0.793864 0.446041 0.446517 1.19941 1.19963 1.19988 -1.19988 
190000000 0.00325888 0.000702938 -0.417186 0.420322 -1.46686 -1.46393 0.74361 0.733389 -0.793001 0.792086 0.446041 0.439506 1.19941 1.19963 1.19988 -1.19646 
210000000 0.00326126 0.000692235 -0.417183 0.429231 -1.46687 -1.46386 0.743605 0.730403 -0.793001 0.792451 0.44604 0.440006 1.19941 1.19963 1.19989 -1.20325 
230000000 0.00325966 0.000686561 -0.417178 0.443509 -1.46687 -1.464 0.7436 0.722484 -0.793002 0.792202 0.44604 0.44119 1.19941 1.19962 1.1999 -1.22589 
250000000 0.00325506 0.000686184 -0.417183 0.441225 -1.46687 -1.46421 0.743601 0.724707 -0.793003 0.793333 0.44604 0.445314 1.19941 1.19962 1.1999 -1.22617 
270000000 0.00325499 0.000680236 -0.417181 0.442118 -1.46687 -1.46419 0.743593 0.723803 -0.793004 0.793208 0.44604 0.446154 1.19942 1.19963 1.19991 -1.22058 
290000000 0.00325247 0.000679849 -0.417182 0.449923 -1.46687 -1.46433 0.743591 0.731271 -0.793005 0.79423 0.446039 0.450124 1.19942 1.19963 1.19991 -1.23457 
310000000 0.00325016 0.000689817 -0.417179 0.453947 -1.46687 -1.46358 0.743587 0.74164 -0.793006 0.793584 0.446039 0.450538 1.19942 1.19963 1.19992 -1.24657 
330000000 0.00324703 0.000682058 -0.417178 0.46088 -1.46688 -1.46348 0.743581 0.739948 -0.793007 0.793532 0.446039 0.450431 1.19942 1.19962 1.19993 -1.25706 
350000000 0.00324535 0.000685392 -0.417184 0.48841 -1.46688 -1.46353 0.743578 0.718021 -0.793008 0.793102 0.446038 0.448397 1.19942 1.19962 1.19993 -1.29285 
370000000 0.00324357 0.000685526 -0.417183 0.507107 -1.46688 -1.46393 0.743576 0.709813 -0.793008 0.792857 0.446038 0.446526 1.19942 1.19962 1.19994 -1.32558 
390000000 0.00324125 0.000693983 -0.417185 0.527407 -1.46689 -1.46763 0.743569 0.69177 -0.793009 0.791743 0.446038 0.440773 1.19942 1.19962 1.19995 -1.34917 
410000000 0.0032395 0.000696825 -0.417189 0.568178 -1.46689 -1.47483 0.743565 0.653118 -0.79301 0.790628 0.446037 0.432815 1.19942 1.19961 1.19995 -1.38577 
430000000 0.00323815 0.000692069 -0.41719 0.585654 -1.46689 -1.47477 0.743564 0.651381 -0.793011 0.790529 0.446037 0.433351 1.19942 1.19961 1.19996 -1.41467 
450000000 0.00323583 0.000688914 -0.41719 0.565418 -1.46689 -1.46323 0.743564 0.680401 -0.793011 0.791593 0.446037 0.447036 1.19942 1.19961 1.19996 -1.41448 
470000000 0.00323551 0.000690994 -0.417193 0.542139 -1.46689 -1.45634 0.74356 0.704184 -0.793012 0.791658 0.446037 0.449749 1.19942 1.19961 1.19997 -1.39276 
490000000 0.00323341 0.000683791 -0.417192 0.545166 -1.4669 -1.45697 0.743556 0.696611 -0.793013 0.79153 0.446037 0.449564 1.19942 1.19961 1.19997 -1.37895 
510000000 0.00322983 0.00069487 -0.417193 0.547465 -1.4669 -1.45802 0.74355 0.697927 -0.793014 0.790729 0.446036 0.444313 1.19942 1.19961 1.19998 -1.36591 
530000000 0.00322635 0.000689855 -0.417196 0.573677 -1.4669 -1.45887 0.74355 0.675242 -0.793014 0.791155 0.446036 0.449436 1.19942 1.19961 1.19999 -1.3792 
550000000 0.00322418 0.000690336 -0.417198 0.597574 -1.4669 -1.4636 0.743547 0.656503 -0.793015 0.791012 0.446036 0.443591 1.19942 1.19961 1.19999 -1.40254 
570000000 0.00322325 0.000691299 -0.417199 0.599494 -1.46691 -1.46062 0.743543 0.668482 -0.793016 0.790664 0.446036 0.442426 1.19942 1.19961 1.2 -1.41585 
590000000 0.00322067 0.000693181 -0.417202 0.60243 -1.46691 -1.4601 0.74354 0.674132 -0.793016 0.790645 0.446035 0.442964 1.19943 1.19961 1.20001 -1.42177 
610000000 0.00322046 0.000693811 -0.417205 0.60365 -1.46691 -1.45879 0.743536 0.680542 -0.793017 0.790965 0.446035 0.448152 1.19943 1.19961 1.20001 -1.42212 
630000000 0.00321809 0.000686387 -0.417207 0.601877 -1.46691 -1.45578 0.743534 0.695344 -0.793018 0.790879 0.446035 0.446662 1.19943 1.19961 1.20002 -1.41913 
650000000 0.00321494 0.00069523 -0.417208 0.603596 -1.46691 -1.45377 0.743531 0.707387 -0.793019 0.790848 0.446035 0.447757 1.19943 1.19961 1.20002 -1.41775 
670000000 0.00321575 0.000688972 -0.417209 0.610653 -1.46692 -1.45669 0.743522 0.704666 -0.79302 0.790562 0.446034 0.445665 1.19943 1.19961 1.20003 -1.40613 
690000000 0.0032128 0.000683234 -0.417216 0.635273 -1.46692 -1.46227 0.743524 0.677822 -0.79302 0.790854 0.446034 0.449532 1.19943 1.19961 1.20004 -1.42589 
710000000 0.00321052 0.000683795 -0.41722 0.641438 -1.46692 -1.46173 0.74352 0.678916 -0.793021 0.790727 0.446034 0.448915 1.19943 1.19961 1.20004 -1.44297 
730000000 0.00320897 0.0006825 -0.417225 0.658162 -1.46692 -1.46724 0.743517 0.664121 -0.793022 0.79049 0.446033 0.442537 1.19943 1.1996 1.20005 -1.46713 
750000000 0.00320778 0.000691643 -0.417228 0.644468 -1.46693 -1.46184 0.743515 0.68411 -0.793023 0.790695 0.446033 0.44806 1.19943 1.1996 1.20006 -1.46679 
770000000 0.00320578 0.000679726 -0.417232 0.671142 -1.46693 -1.47505 0.743511 0.657624 -0.793024 0.790466 0.446033 0.440894 1.19943 1.1996 1.20006 -1.47616 
790000000 0.00320656 0.00067839 -0.417236 0.664928 -1.46693 -1.47176 0.743508 0.67866 -0.793024 0.790568 0.446033 0.444178 1.19943 1.1996 1.20007 -1.47056 
810000000 0.00320367 0.000674065 -0.41724 0.654756 -1.46693 -1.46707 0.743507 0.695867 -0.793025 0.790721 0.446033 0.447821 1.19943 1.1996 1.20007 -1.45159 
830000000 0.00320289 0.000676471 -0.417244 0.64463 -1.46694 -1.46411 0.743502 0.717854 -0.793026 0.790444 0.446032 0.442122 1.19943 1.1996 1.20008 -1.43015 
850000000 0.00320055 0.00067221 -0.417247 0.674006 -1.46694 -1.47128 0.743498 0.68409 -0.793027 0.790391 0.446032 0.444954 1.19943 1.1996 1.20009 -1.4484 
870000000 0.00320095 0.000670171 -0.417254 0.68123 -1.46694 -1.47376 0.743494 0.674195 -0.793028 0.790219 0.446032 0.442655 1.19943 1.1996 1.20009 -1.47192 
890000000 0.00319837 0.000667206 -0.417261 0.68736 -1.46694 -1.47486 0.743492 0.663688 -0.793028 0.790427 0.446031 0.450941 1.19944 1.1996 1.2001 -1.49377 
910000000 0.00319572 0.000673322 -0.417267 0.693973 -1.46695 -1.47732 0.74349 0.65633 -0.793029 0.790432 0.446031 0.449507 1.19944 1.1996 1.20011 -1.50422 
930000000 0.00319609 0.000659544 -0.417269 0.702145 -1.46695 -1.48091 0.743484 0.646623 -0.79303 0.790406 0.446031 0.445693 1.19944 1.1996 1.20011 -1.50814 
950000000 0.00319327 0.000647751 -0.417274 0.721038 -1.46695 -1.48959 0.743483 0.612726 -0.793031 0.790407 0.446031 0.4463 1.19944 1.1996 1.20012 -1.53109 
970000000 0.0031931 0.000648488 -0.417277 0.729031 -1.46695 -1.49233 0.743481 0.597681 -0.793031 0.790255 0.44603 0.456496 1.19944 1.1996 1.20012 -1.55998 
990000000 0.00319208 0.000646384 -0.417279 0.724253 -1.46696 -1.48909 0.743478 0.604654 -0.793032 0.790143 0.44603 0.459615 1.19944 1.1996 1.20013 -1.57343 
10000000 0.00318929 0.000644487 -0.417285 0.720344 -1.46696 -1.4863 0.743475 0.610766 -0.793033 0.790202 0.44603 0.455237 1.19944 1.1996 1.20014 -1.57608 
30000000 0.00318741 0.000643455 -0.417289 0.746985 -1.46696 -1.50059 0.743471 0.575953 -0.793034 0.790365 0.44603 0.449533 1.19944 1.1996 1.20014 -1.5902 
50000000 0.00318805 0.000642843 -0.417295 0.77186 -1.46697 -1.51573 0.743467 0.548348 -0.793035 0.790617 0.446029 0.44602 1.19944 1.1996 1.20015 -1.61866 
70000000 0.00318528 0.000638187 -0.4173 0.783746 -1.46697 -1.52251 0.743467 0.53564 -0.793035 0.790137 0.446029 0.44953 1.19944 1.1996 1.20016 -1.64388 
90000000 0.00318561 0.000630547 -0.417304 0.790471 -1.46697 -1.52767 0.743462 0.530224 -0.793036 0.790165 0.446029 0.445176 1.19944 1.1996 1.20016 -1.65011 
110000000 0.00318323 0.0006273 -0.41731 0.805511 -1.46697 -1.53863 0.743461 0.506249 -0.793037 0.79033 0.446029 0.444803 1.19944 1.1996 1.20017 -1.67474 
130000000 0.00318348 0.000625138 -0.417314 0.821251 -1.46698 -1.55048 0.743456 0.483231 -0.793038 0.791029 0.446028 0.437221 1.19944 1.1996 1.20018 -1.70477 
150000000 0.00318129 0.000627038 -0.417321 0.854101 -1.46698 -1.5739 0.743455 0.443295 -0.793038 0.790543 0.446028 0.439074 1.19944 1.1996 1.20018 -1.75029 
170000000 0.00318204 0.000624636 -0.417326 0.88388 -1.46698 -1.59667 0.743453 0.407333 -0.793039 0.791528 0.446028 0.438412 1.19944 1.1996 1.20019 -1.79419 
190000000 0.00317978 0.000631997 -0.417332 0.879893 -1.46698 -1.59769 0.743452 0.421153 -0.79304 0.790923 0.446028 0.44255 1.19945 1.1996 1.20019 -1.8155 
210000000 0.00317939 0.000626078 -0.417336 0.895698 -1.46699 -1.60674 0.743447 0.398972 -0.793041 0.790855 0.446027 0.443368 1.19945 1.19959 1.2002 -1.81437 
230000000 0.00317741 0.000625376 -0.417344 0.921855 -1.46699 -1.62251 0.743447 0.365029 -0.793041 0.791056 0.446027 0.441237 1.19945 1.19959 1.20021 -1.82981 
250000000 0.00317836 0.00062179 -0.417349 0.902283 -1.46699 -1.61502 0.743444 0.4035 -0.793042 0.791685 0.446027 0.440908 1.19945 1.19959 1.20021 -1.82779 
270000000 0.00317521 0.000627774 -0.417355 0.928488 -1.467 -1.63099 0.743441 0.364557 -0.793043 0.793721 0.446027 0.432953 1.19945 1.19959 1.20022 -1.83643 
290000000 0.00317602 0.000628742 -0.41736 0.951001 -1.467 -1.64636 0.743439 0.340607 -0.793043 0.79352 0.446026 0.433337 1.19945 1.1996 1.20022 -1.85215 
310000000 0.00317452 0.000614762 -0.417365 0.972965 -1.467 -1.65956 0.743437 0.311216 -0.793044 0.79594 0.446026 0.426697 1.19945 1.19959 1.20023 -1.86529 
330000000 0.00317492 0.000603936 -0.417371 0.983722 -1.46701 -1.6672 0.743435 0.301998 -0.793045 0.794919 0.446026 0.428814 1.19945 1.19959 1.20024 -1.87671 
350000000 0.00317395 0.000612404 -0.417376 0.986104 -1.46701 -1.67037 0.743433 0.307926 -0.793046 0.79222 0.446026 0.436034 1.19945 1.19959 1.20024 -1.88161 
370000000 0.00317316 0.000620817 -0.417383 0.991168 -1.46701 -1.67287 0.74343 0.307188 -0.793046 0.792817 0.446025 0.435153 1.19945 1.1996 1.20025 -1.88206 
390000000 0.00317057 0.000610519 -0.417388 0.977287 -1.46702 -1.66241 0.743429 0.330075 -0.793047 0.790408 0.446025 0.443871 1.19945 1.19959 1.20025 -1.87486 
410000000 0.00316935 0.000620905 -0.417396 0.985944 -1.46702 -1.6639 0.743427 0.312458 -0.793048 0.790241 0.446025 0.441826 1.19945 1.1996 1.20026 -1.86185 
430000000 0.00317008 0.000604396 -0.417404 1.00378 -1.46702 -1.67954 0.743426 0.292551 -0.793048 0.790557 0.446025 0.440867 1.19945 1.1996 1.20027 -1.86686 
450000000 0.00317038 0.000602823 -0.417408 0.984037 -1.46702 -1.66725 0.743422 0.325227 -0.793049 0.789641 0.446025 0.443303 1.19945 1.1996 1.20027 -1.85662 
470000000 0.00316793 0.000590799 -0.417413 1.00684 -1.46702 -1.68588 0.74342 0.281846 -0.79305 0.790932 0.446024 0.435651 1.19945 1.1996 1.20028 -1.87608 
490000000 0.00316798 0.000581492 -0.417421 1.00912 -1.46703 -1.69099 0.743419 0.275048 -0.79305 0.790429 0.446024 0.437324 1.19946 1.1996 1.20028 -1.88589 
510000000 0.00316585 0.000581177 -0.417424 0.976666 -1.46703 -1.66667 0.743416 0.318553 -0.793051 0.787697 0.446024 0.44699 1.19946 1.1996 1.20029 -1.86296 
530000000 0.00316579 0.000582322 -0.41743 0.94756 -1.46703 -1.64311 0.743414 0.352124 -0.793052 0.784306 0.446024 0.454989 1.19946 1.1996 1.2003 -1.82938 
550000000 0.00316426 0.000579524 -0.417438 0.973793 -1.46704 -1.65411 0.743413 0.307473 -0.793052 0.787301 0.446023 0.442199 1.19946 1.1996 1.2003 -1.81126 
570000000 0.00316556 0.000571422 -0.417446 0.995386 -1.46704 -1.67021 0.743411 0.278134 -0.793053 0.787674 0.446023 0.439335 1.19946 1.1996 1.20031 -1.80594 
590000000 0.00316381 0.00057532 -0.417452 0.993194 -1.46704 -1.67198 0.743409 0.288866 -0.793054 0.786564 0.446023 0.445611 1.19946 1.1996 1.20032 -1.80335 
610000000 0.00316414 0.000570311 -0.417458 0.981609 -1.46704 -1.66326 0.743407 0.310131 -0.793054 0.786199 0.446023 0.447937 1.19946 1.1996 1.20032 -1.79215 
630000000 0.00316181 0.000564396 -0.417463 0.986075 -1.46705 -1.66524 0.743404 0.303628 -0.793055 0.78708 0.446023 0.442344 1.19946 1.19959 1.20033 -1.79043 
650000000 0.00316229 0.000576835 -0.417469 0.98139 -1.46705 -1.66061 0.743403 0.314977 -0.793056 0.784967 0.446022 0.44445 1.19946 1.1996 1.20033 -1.78904 
670000000 0.00316018 0.000580452 -0.417474 0.983135 -1.46705 -1.65785 0.7434 0.316437 -0.793057 0.785512 0.446022 0.448087 1.19946 1.19959 1.20034 -1.78725 
690000000 0.00316091 0.000574544 -0.417482 0.990843 -1.46705 -1.66184 0.743399 0.30512 -0.793057 0.78534 0.446022 0.450001 1.19946 1.1996 1.20035 -1.79105 
710000000 0.00316002 0.0005794 -0.417489 1.00034 -1.46706 -1.66679 0.743396 0.293019 -0.793058 0.786094 0.446022 0.449652 1.19946 1.1996 1.20035 -1.80251 
730000000 0.00315811 0.000570412 -0.417496 0.996712 -1.46706 -1.66539 0.743394 0.30344 -0.793059 0.786537 0.446021 0.451033 1.19946 1.1996 1.20036 -1.80508 
750000000 0.0031584 0.000564274 -0.417503 1.01011 -1.46707 -1.67284 0.743392 0.288676 -0.793059 0.788056 0.446021 0.443916 1.19946 1.1996 1.20036 -1.80525 
770000000 0.00315895 0.000568832 -0.417511 1.05049 -1.46707 -1.71118 0.743391 0.24879 -0.79306 0.790042 0.446021 0.436165 1.19946 1.1996 1.20037 -1.83091 
790000000 0.00315636 0.000571607 -0.417517 1.05689 -1.46707 -1.7306 0.74339 0.272914 -0.793061 0.789292 0.446021 0.436788 1.19946 1.1996 1.20038 -1.84392 
810000000 0.00315738 0.000566322 -0.417524 1.06066 -1.46707 -1.74061 0.743387 0.291036 -0.793061 0.789038 0.446021 0.437347 1.19947 1.1996 1.20038 -1.84407 
830000000 0.00315585 0.000571392 -0.41753 1.06091 -1.46708 -1.74196 0.743385 0.305005 -0.793062 0.7887 0.44602 0.436829 1.19947 1.19959 1.20039 -1.84499 
850000000 0.00315426 0.000577682 -0.417537 1.07639 -1.46708 -1.75733 0.743384 0.27872 -0.793063 0.791354 0.44602 0.428824 1.19947 1.19959 1.2004 -1.85164 
870000000 0.00315576 0.000569114 -0.417545 1.093 -1.46708 -1.77552 0.743382 0.246015 -0.793063 0.792979 0.44602 0.425815 1.19947 1.19959 1.2004 -1.8644 
890000000 0.00315433 0.000566017 -0.417552 1.08666 -1.46709 -1.77745 0.743381 0.251551 -0.793064 0.789966 0.44602 0.432914 1.19947 1.19959 1.20041 -1.86592 
910000000 0.00315448 0.00558767 -0.417561 1.10555 -1.46709 -1.79394 0.74338 0.213119 -0.793064 0.79082 0.446019 0.430258 1.19947 1.19959 1.20041 -1.87944 
930000000 0.00315439 0.0262823 -0.417565 1.09194 -1.46709 -1.78753 0.743377 0.24996 -0.793065 0.790628 0.446019 0.433337 1.19947 1.19959 1.20042 -1.87276 
950000000 0.00315276 0.0261756 -0.417572 1.10698 -1.4671 -1.80351 0.743376 0.22469 -0.793066 0.791617 0.446019 0.433357 1.19947 1.19959 1.20043 -1.87799 
970000000 0.00315312 0.0258262 -0.41758 1.09242 -1.4671 -1.79631 0.743374 0.259193 -0.793067 0.791979 0.446019 0.435613 1.19947 1.19958 1.20043 -1.87177 
990000000 0.00315413 0.0236255 -0.417589 1.09505 -1.4671 -1.79632 0.743372 0.264678 -0.793067 0.791142 0.446019 0.438175 1.19947 1.19958 1.20044 -1.86593 
10000000 0.00315327 0.0235688 -0.417596 1.08516 -1.4671 -1.7908 0.743371 0.282381 -0.793068 0.788604 0.446018 0.444224 1.19947 1.19958 1.20044 -1.86171 
30000000 0.00315145 0.0235754 -0.417603 1.07319 -1.46711 -1.78173 0.74337 0.308457 -0.793068 0.783058 0.446018 0.453829 1.19947 1.19958 1.20045 -1.8496 
50000000 0.00315173 0.0235658 -0.41761 1.0661 -1.46711 -1.76873 0.743368 0.329147 -0.793069 0.779498 0.446018 0.462673 1.19947 1.19958 1.20046 -1.82413 
70000000 0.00315003 0.0235697 -0.417613 1.04666 -1.46711 -1.74643 0.743366 0.376412 -0.79307 0.777471 0.446018 0.471697 1.19947 1.19958 1.20046 -1.79569 
90000000 0.00315139 0.0235574 -0.417624 1.04635 -1.46712 -1.73492 0.743364 0.402647 -0.79307 0.778122 0.446017 0.469085 1.19947 1.19958 1.20047 -1.76954 
110000000 0.00314943 0.0235647 -0.417631 1.05272 -1.46712 -1.72976 0.743362 0.423036 -0.793071 0.778667 0.446017 0.470185 1.19947 1.19958 1.20048 -1.75087 
130000000 0.00314792 0.0235672 -0.41764 1.05642 -1.46712 -1.72769 0.743361 0.432302 -0.793072 0.778635 0.446017 0.469447 1.19947 1.19958 1.20048 -1.7455 
150000000 0.00314777 0.0235647 -0.417647 1.05369 -1.46713 -1.72482 0.743358 0.443432 -0.793073 0.780441 0.446017 0.466082 1.19948 1.19958 1.20049 -1.7409 
170000000 0.00314869 0.0235725 -0.417655 1.05916 -1.46713 -1.73398 0.743357 0.415414 -0.793073 0.78072 0.446016 0.464888 1.19948 1.19959 1.20049 -1.75319 
190000000 0.00314858 0.0235471 -0.417664 1.05496 -1.46713 -1.72996 0.743355 0.420353 -0.793074 0.77961 0.446016 0.468352 1.19948 1.19958 1.2005 -1.74786 
210000000 0.00314679 0.0235491 -0.417672 1.05517 -1.46714 -1.7264 0.743354 0.432354 -0.793074 0.779215 0.446016 0.472 1.19948 1.19958 1.20051 -1.73672 
230000000 0.00314616 0.0235505 -0.417682 1.06364 -1.46714 -1.73794 0.743352 0.407674 -0.793075 0.779978 0.446016 0.468083 1.19948 1.19958 1.20051 -1.7447 
250000000 0.00314662 0.0235497 -0.41769 1.05403 -1.46714 -1.73603 0.743351 0.413055 -0.793076 0.778449 0.446016 0.473544 1.19948 1.19958 1.20052 -1.74725 
270000000 0.00314496 0.0235498 -0.417693 1.04177 -1.46715 -1.71775 0.743349 0.459826 -0.793076 0.777626 0.446015 0.479706 1.19948 1.19958 1.20052 -1.71763 
290000000 0.00314677 0.0235404 -0.417699 1.04694 -1.46715 -1.71021 0.743346 0.476939 -0.793077 0.779204 0.446015 0.474036 1.19948 1.19958 1.20053 -1.69084 
310000000 0.00314467 0.0235411 -0.417705 1.04977 -1.46715 -1.71147 0.743344 0.470496 -0.793078 0.778545 0.446015 0.482042 1.19948 1.19958 1.20054 -1.69261 
330000000 0.00314439 0.0235487 -0.417712 1.05335 -1.46716 -1.71204 0.743342 0.462732 -0.793079 0.780378 0.446015 0.476226 1.19948 1.19958 1.20054 -1.69188 
350000000 0.0031438 0.0235448 -0.417723 1.05072 -1.46716 -1.71261 0.743341 0.455 -0.793079 0.778721 0.446014 0.482174 1.19948 1.19958 1.20055 -1.69498 
370000000 0.00314456 0.0235443 -0.417728 1.0449 -1.46716 -1.70445 0.743339 0.474408 -0.79308 0.778269 0.446014 0.487083 1.19948 1.19958 1.20056 -1.6855 
390000000 0.00314477 0.0235468 -0.417737 1.04178 -1.46716 -1.69486 0.743337 0.503288 -0.79308 0.777274 0.446014 0.493215 1.19948 1.19958 1.20056 -1.66722 
410000000 0.00314378 0.0235411 -0.417746 1.03984 -1.46717 -1.68987 0.743336 0.529506 -0.793081 0.775969 0.446014 0.498797 1.19948 1.19958 1.20057 -1.6484 
430000000 0.00314318 0.0235339 -0.417745 1.03615 -1.46717 -1.67675 0.743333 0.575212 -0.793082 0.775787 0.446013 0.506213 1.19948 1.19958 1.20058 -1.6164 
450000000 0.00314316 0.0235373 -0.417755 1.03827 -1.46717 -1.67668 0.743331 0.587511 -0.793083 0.777359 0.446013 0.496619 1.19948 1.19958 1.20058 -1.60369 
470000000 0.00314273 0.0235429 -0.417761 1.03839 -1.46718 -1.67801 0.743329 0.585613 -0.793083 0.777408 0.446013 0.494981 1.19949 1.19958 1.20059 -1.60538 
490000000 0.00314182 0.0235352 -0.417771 1.04337 -1.46718 -1.70267 0.743326 0.555346 -0.793084 0.78019 0.446013 0.477003 1.19949 1.19958 1.20059 -1.62186 
510000000 0.00314069 0.0235394 -0.417781 1.04455 -1.46718 -1.71104 0.743324 0.526448 -0.793085 0.780807 0.446012 0.475709 1.19949 1.19958 1.2006 -1.64109 
530000000 0.00313882 0.0235436 -0.417793 1.05133 -1.46719 -1.73162 0.743323 0.480658 -0.793085 0.782028 0.446012 0.466937 1.19949 1.19958 1.20061 -1.6656 
550000000 0.00313906 0.0235338 -0.417797 1.04497 -1.46719 -1.73665 0.743322 0.470657 -0.793086 0.780722 0.446012 0.473651 1.19949 1.19958 1.20061 -1.67919 
570000000 0.00313923 0.0235331 -0.417804 1.03916 -1.46719 -1.72765 0.743321 0.486314 -0.793087 0.778521 0.446012 0.483065 1.19949 1.19958 1.20062 -1.67068 
590000000 0.00314107 0.0235302 -0.417812 1.0422 -1.4672 -1.72905 0.743318 0.48783 -0.793088 0.779831 0.446012 0.48066 1.19949 1.19958 1.20063 -1.66928 
610000000 0.00314085 0.0235262 -0.417821 1.04596 -1.4672 -1.73799 0.743316 0.476165 -0.793088 0.780559 0.446011 0.475609 1.19949 1.19957 1.20063 -1.67574 
630000000 0.00313828 0.0235429 -0.417829 1.04868 -1.46721 -1.74227 0.743315 0.464057 -0.793089 0.781532 0.446011 0.473462 1.19949 1.19957 1.20064 -1.68198 
650000000 0.00313962 0.0235403 -0.417842 1.05262 -1.46721 -1.75885 0.743312 0.425247 -0.79309 0.781762 0.446011 0.469108 1.19949 1.19957 1.20064 -1.70459 
670000000 0.00313945 0.0235418 -0.417855 1.05719 -1.46721 -1.76893 0.743311 0.389629 -0.79309 0.781516 0.446011 0.470686 1.19949 1.19956 1.20065 -1.72041 
690000000 0.00313811 0.0235478 -0.417864 1.05152 -1.46721 -1.76602 0.743311 0.384896 -0.793091 0.780996 0.446011 0.472529 1.19949 1.19956 1.20066 -1.72497 
710000000 0.00313776 0.0235422 -0.417873 1.05456 -1.46721 -1.77171 0.743309 0.360469 -0.793092 0.778961 0.44601 0.478114 1.19949 1.19956 1.20066 -1.73796 
730000000 0.0031369 0.0235491 -0.417876 1.0386 -1.46722 -1.75305 0.743307 0.395574 -0.793092 0.778397 0.44601 0.482712 1.19949 1.19956 1.20067 -1.72872 
750000000 0.00313634 0.0235554 -0.417885 1.03699 -1.46722 -1.747 0.743306 0.405172 -0.793093 0.77797 0.44601 0.488149 1.19949 1.19956 1.20067 -1.72225 
770000000 0.00313726 0.0235616 -0.417896 1.04163 -1.46723 -1.74889 0.743304 0.403145 -0.793094 0.779259 0.44601 0.48219 1.1995 1.19956 1.20068 -1.71661 
790000000 0.00313754 0.0235543 -0.417904 1.052 -1.46723 -1.75867 0.743301 0.378157 -0.793095 0.781017 0.446009 0.47501 1.1995 1.19956 1.20069 -1.72381 
810000000 0.00313639 0.0235563 -0.417911 1.03908 -1.46723 -1.75547 0.7433 0.378314 -0.793095 0.778718 0.446009 0.485721 1.1995 1.19956 1.20069 -1.73603 
830000000 0.00313606 0.0235624 -0.417919 1.03909 -1.46723 -1.75257 0.743299 0.380355 -0.793096 0.780391 0.446009 0.478799 1.1995 1.19956 1.2007 -1.73343 
850000000 0.00313709 0.0235414 -0.417929 1.05081 -1.46724 -1.76429 0.743297 0.359226 -0.793097 0.781494 0.446009 0.475926 1.1995 1.19956 1.20071 -1.72915 
870000000 0.00313668 0.0235465 -0.417937 1.0497 -1.46724 -1.76611 0.743295 0.35764 -0.793097 0.781676 0.446009 0.480258 1.1995 1.19956 1.20071 -1.73271 
890000000 0.00313537 0.0235446 -0.417947 1.06367 -1.46725 -1.78065 0.743294 0.325149 -0.793098 0.782958 0.446008 0.475912 1.1995 1.19956 1.20072 -1.74371 
910000000 0.00313657 0.0235351 -0.417954 1.07453 -1.46725 -1.80138 0.743292 0.291942 -0.793099 0.784681 0.446008 0.466323 1.1995 1.19955 1.20072 -1.76325 
930000000 0.00313423 0.0235435 -0.417963 1.06979 -1.46725 -1.8102 0.743291 0.290325 -0.793099 0.783329 0.446008 0.47016 1.1995 1.19955 1.20073 -1.77549 
950000000 0.00313451 0.0235491 -0.417975 1.06655 -1.46726 -1.81446 0.74329 0.28569 -0.7931 0.783326 0.446008 0.470633 1.1995 1.19955 1.20074 -1.7857 
970000000 0.00313481 0.0235447 -0.417989 1.07499 -1.46726 -1.8216 0.743288 0.263339 -0.793101 0.783839 0.446007 0.468831 1.1995 1.19955 1.20074 -1.79472 
990000000 0.00313397 0.0235515 -0.418001 1.09269 -1.46726 -1.83436 0.743287 0.223456 -0.793101 0.786798 0.446007 0.462618 1.1995 1.19955 1.20075 -1.80413 
10000000 0.00313513 0.0269188 -0.418015 1.10262 -1.46726 -1.84778 0.743285 0.197285 -0.793102 0.785612 0.446007 0.46802 1.1995 1.19955 1.20076 -1.81595 
30000000 0.00313342 0.0267333 -0.418029 1.08981 -1.46727 -1.84487 0.743284 0.221636 -0.793103 0.7841 0.446007 0.473899 1.1995 1.19954 1.20076 -1.81322 
50000000 0.00313399 0.0237747 -0.418041 1.07756 -1.46727 -1.83294 0.743282 0.256811 -0.793103 0.782287 0.446007 0.478042 1.1995 1.19954 1.20077 -1.79837 
70000000 0.00313305 0.0236665 -0.418054 1.08286 -1.46727 -1.83145 0.74328 0.258808 -0.793104 0.78284 0.446006 0.479395 1.1995 1.19954 1.20078 -1.7876 
90000000 0.00313481 0.0236455 -0.418069 1.09394 -1.46728 -1.83615 0.743278 0.243929 -0.793105 0.783553 0.446006 0.475106 1.19951 1.19954 1.20078 -1.7866 
110000000 0.00313429 0.0236527 -0.418082 1.09516 -1.46728 -1.84139 0.743276 0.228094 -0.793105 0.784086 0.446006 0.472176 1.19951 1.19954 1.20079 -1.79265 
130000000 0.00313405 0.0239993 -0.418096 1.1137 -1.46728 -1.85433 0.743276 0.192938 -0.793106 0.787666 0.446006 0.46135 1.19951 1.19954 1.20079 -1.79699 
150000000 0.00313249 0.0312916 -0.418111 1.10989 -1.46729 -1.85855 0.743274 0.205917 -0.793107 0.784941 0.446005 0.471029 1.19951 1.19954 1.2008 -1.80282 
170000000 0.00313272 0.0244958 -0.418125 1.09426 -1.46729 -1.84655 0.743272 0.248953 -0.793107 0.781625 0.446005 0.480043 1.19951 1.19953 1.20081 -1.79189 
190000000 0.00313141 0.0236354 -0.418135 1.08169 -1.46729 -1.82645 0.743269 0.286743 -0.793108 0.782759 0.446005 0.481149 1.19951 1.19953 1.20081 -1.76972 
210000000 0.00313097 0.0236316 -0.418148 1.08451 -1.46729 -1.82674 0.743267 0.287955 -0.793109 0.783565 0.446005 0.480923 1.19951 1.19953 1.20082 -1.76537 
230000000 0.00313059 0.023633 -0.418158 1.08131 -1.4673 -1.82493 0.743265 0.294626 -0.79311 0.784927 0.446004 0.476517 1.19951 1.19953 1.20083 -1.76065 
250000000 0.00313234 0.023619 -0.418173 1.0984 -1.4673 -1.8429 0.743264 0.254341 -0.79311 0.784481 0.446004 0.481819 1.19951 1.19953 1.20083 -1.76775 
270000000 0.00313 0.0236222 -0.418183 1.09243 -1.4673 -1.84387 0.743262 0.260587 -0.793111 0.785407 0.446004 0.483716 1.19951 1.19953 1.20084 -1.76924 
290000000 0.0031299 0.0236181 -0.418194 1.0852 -1.46731 -1.83675 0.743259 0.278813 -0.793112 0.787121 0.446004 0.47959 1.19951 1.19953 1.20085 -1.76295 
310000000 0.00312931 0.0236168 -0.418206 1.07903 -1.46731 -1.83424 0.743258 0.282977 -0.793113 0.784299 0.446004 0.489053 1.19951 1.19953 1.20085 -1.76559 
330000000 0.00312944 0.0236184 -0.418216 1.06435 -1.46731 -1.8178 0.743255 0.321988 -0.793114 0.784559 0.446003 0.488107 1.19951 1.19953 1.20086 -1.7477 
350000000 0.00313037 0.0235944 -0.418229 1.06417 -1.46731 -1.81403 0.743254 0.333567 -0.793114 0.784962 0.446003 0.483761 1.19951 1.19953 1.20086 -1.73207 
370000000 0.0031295 0.0236188 -0.418243 1.0685 -1.46732 -1.81265 0.743252 0.332299 -0.793115 0.786508 0.446003 0.478555 1.19951 1.19953 1.20087 -1.72747 
390000000 0.00312845 0.0236144 -0.418254 1.0759 -1.46732 -1.81551 0.74325 0.321149 -0.793116 0.788865 0.446003 0.469929 1.19952 1.19953 1.20088 -1.7294 
410000000 0.00313059 0.023608 -0.418267 1.06796 -1.46732 -1.80467 0.743249 0.337428 -0.793116 0.78522 0.446002 0.480091 1.19952 1.19953 1.20088 -1.73043 
430000000 0.00312778 0.0236201 -0.41828 1.0647 -1.46733 -1.79118 0.743246 0.357043 -0.793117 0.788516 0.446002 0.469732 1.19952 1.19953 1.20089 -1.71447 
450000000 0.00312867 0.0236126 -0.418297 1.06459 -1.46733 -1.78877 0.743245 0.353081 -0.793117 0.788121 0.446002 0.472991 1.19952 1.19953 1.2009 -1.70938 
470000000 0.00312832 0.0236044 -0.418314 1.08981 -1.46733 -1.81409 0.743246 0.301058 -0.793118 0.791106 0.446002 0.460517 1.19952 1.19953 1.2009 -1.72556 
490000000 0.00312861 0.0235972 -0.418327 1.10814 -1.46734 -1.84352 0.743244 0.261392 -0.793118 0.792697 0.446002 0.452523 1.19952 1.19953 1.20091 -1.75346 
510000000 0.00312844 0.0235938 -0.418339 1.10687 -1.46734 -1.85862 0.743242 0.251137 -0.793119 0.791894 0.446001 0.456605 1.19952 1.19953 1.20091 -1.77425 
530000000 0.00312695 0.0236038 -0.418352 1.10379 -1.46734 -1.85513 0.743241 0.256787 -0.79312 0.792529 0.446001 0.454327 1.19952 1.19953 1.20092 -1.7755 
550000000 0.00312655 0.0236012 -0.418366 1.09681 -1.46734 -1.84625 0.74324 0.279906 -0.79312 0.791206 0.446001 0.460128 1.19952 1.19953 1.20093 -1.76829 
570000000 0.00312667 0.0235948 -0.418375 1.08365 -1.46735 -1.83234 0.743238 0.32239 -0.793121 0.788989 0.446001 0.466397 1.19952 1.19953 1.20093 -1.7523 
590000000 0.00312614 0.0235956 -0.418387 1.07992 -1.46735 -1.81856 0.743236 0.351486 -0.793122 0.787848 0.446 0.473694 1.19952 1.19953 1.20094 -1.73133 
610000000 0.00312626 0.0235953 -0.418399 1.06942 -1.46735 -1.80724 0.743234 0.384182 -0.793123 0.784577 0.446 0.48528 1.19952 1.19953 1.20095 -1.71775 
630000000 0.0031253 0.0235997 -0.418409 1.06054 -1.46736 -1.79923 0.743232 0.41673 -0.793123 0.783663 0.446 0.493452 1.19952 1.19953 1.20095 -1.70467 
650000000 0.00312484 0.0236062 -0.418422 1.0616 -1.46736 -1.79805 0.74323 0.426903 -0.793124 0.784233 0.446 0.492621 1.19952 1.19953 1.20096 -1.69696 
670000000 0.00312295 0.023602 -0.418434 1.06356 -1.46736 -1.81571 0.743229 0.402252 -0.793125 0.784356 0.446 0.490785 1.19952 1.19953 1.20096 -1.71273 
690000000 0.00312474 0.0235931 -0.418448 1.06403 -1.46736 -1.82073 0.743227 0.395074 -0.793125 0.78386 0.445999 0.493261 1.19952 1.19953 1.20097 -1.71901 
710000000 0.00312271 0.0235997 -0.41846 1.05504 -1.46737 -1.82249 0.743225 0.393186 -0.793126 0.782874 0.445999 0.498349 1.19953 1.19953 1.20098 -1.72892 
730000000 0.00312311 0.0236066 -0.418478 1.04913 -1.46737 -1.81138 0.743224 0.411032 -0.793127 0.777939 0.445999 0.512197 1.19953 1.19953 1.20098 -1.72235 
750000000 0.00312306 0.0235929 -0.418488 1.03342 -1.46737 -1.77981 0.743222 0.455136 -0.793127 0.775635 0.445999 0.523414 1.19953 1.19952 1.20099 -1.69341 
770000000 0.0031236 0.0236028 -0.418503 1.03189 -1.46737 -1.77104 0.743222 0.482512 -0.793128 0.773448 0.445999 0.528142 1.19953 1.19953 1.201 -1.66675 
790000000 0.00312086 0.023601 -0.418516 1.04065 -1.46738 -1.78044 0.743221 0.468411 -0.793129 0.775367 0.445998 0.517981 1.19953 1.19952 1.201 -1.66677 
810000000 0.0031209 0.0236023 -0.418529 1.03635 -1.46738 -1.78725 0.743219 0.457099 -0.793129 0.774639 0.445998 0.527107 1.19953 1.19953 1.20101 -1.67493 
830000000 0.00312149 0.0235874 -0.418542 1.03558 -1.46739 -1.78533 0.743217 0.450463 -0.79313 0.773563 0.445998 0.531284 1.19953 1.19953 1.20101 -1.6726 
850000000 0.0031212 0.0235863 -0.418554 1.02754 -1.46739 -1.77676 0.743216 0.467144 -0.793131 0.771743 0.445998 0.540424 1.19953 1.19953 1.20102 -1.66087 
870000000 0.0031199 0.0235847 -0.418569 1.03676 -1.46739 -1.78421 0.743215 0.45736 -0.793131 0.771646 0.445997 0.533698 1.19953 1.19953 1.20103 -1.64932 
890000000 0.0031211 0.0235727 -0.418581 1.02981 -1.46739 -1.77651 0.743212 0.484017 -0.793132 0.771583 0.445997 0.535563 1.19953 1.19953 1.20103 -1.62915 
910000000 0.0031209 0.023572 -0.418591 1.02631 -1.46739 -1.77685 0.74321 0.502572 -0.793133 0.770213 0.445997 0.544204 1.19953 1.19953 1.20104 -1.61489 
930000000 0.00311947 0.0235837 -0.418607 1.03826 -1.4674 -1.78696 0.743209 0.492457 -0.793134 0.772815 0.445997 0.532009 1.19953 1.19953 1.20105 -1.60928 
950000000 0.00311892 0.023569 -0.418621 1.0406 -1.4674 -1.80031 0.743208 0.45446 -0.793134 0.773338 0.445997 0.529948 1.19953 1.19953 1.20105 -1.64048 
970000000 0.0031197 0.0235684 -0.418631 1.03362 -1.4674 -1.7905 0.743206 0.477857 -0.793135 0.773133 0.445996 0.531921 1.19953 1.19953 1.20106 -1.63336 
990000000 0.00311823 0.0235644 -0.418642 1.02923 -1.46741 -1.78121 0.743204 0.506206 -0.793136 0.772108 0.445996 0.53958 1.19953 1.19953 1.20106 -1.61541 
10000000 0.00311853 0.0235707 -0.418657 1.03065 -1.46741 -1.7823 0.743202 0.513488 -0.793136 0.772365 0.445996 0.539349 1.19953 1.19952 1.20107 -1.60697 
30000000 0.00311839 0.0235609 -0.418673 1.03746 -1.46741 -1.79644 0.743199 0.47195 -0.793137 0.773859 0.445996 0.530814 1.19954 1.19953 1.20108 -1.63007 
50000000 0.00311695 0.023556 -0.418681 1.04366 -1.46741 -1.81338 0.743199 0.43828 -0.793138 0.775809 0.445995 0.522519 1.19954 1.19953 1.20108 -1.66193 
70000000 0.00311927 0.0235452 -0.418693 1.04308 -1.46742 -1.81647 0.743196 0.440726 -0.793139 0.775412 0.445995 0.523656 1.19954 1.19953 1.20109 -1.67477 
90000000 0.00311832 0.0235464 -0.418707 1.05907 -1.46742 -1.83753 0.743195 0.406395 -0.793139 0.779304 0.445995 0.50866 1.19954 1.19953 1.20109 -1.69267 
110000000 0.0031177 0.0235337 -0.41872 1.05957 -1.46742 -1.85048 0.743193 0.370746 -0.79314 0.778342 0.445995 0.508403 1.19954 1.19953 1.2011 -1.7268 
130000000 0.00311818 0.0235349 -0.418735 1.07559 -1.46742 -1.87937 0.743193 0.315156 -0.79314 0.781198 0.445995 0.496989 1.19954 1.19953 1.20111 -1.76032 
150000000 0.00311647 0.0235358 -0.418745 1.07946 -1.46743 -1.89563 0.743191 0.281318 -0.793141 0.780595 0.445994 0.503183 1.19954 1.19952 1.20111 -1.7852 
170000000 0.00311872 0.0235308 -0.418761 1.0887 -1.46743 -1.91061 0.74319 0.246196 -0.793142 0.782938 0.445994 0.496571 1.19954 1.19952 1.20112 -1.79938 
190000000 0.00311724 0.0235284 -0.418771 1.08588 -1.46743 -1.9143 0.743189 0.246386 -0.793142 0.783057 0.445994 0.496371 1.19954 1.19952 1.20113 -1.80668 
210000000 0.00311692 0.0235419 -0.418782 1.07874 -1.46744 -1.90232 0.743188 0.290855 -0.793143 0.781177 0.445994 0.501538 1.19954 1.19952 1.20113 -1.79041 
230000000 0.00311648 0.0235402 -0.418798 1.06782 -1.46744 -1.88669 0.743186 0.334829 -0.793144 0.78008 0.445994 0.50619 1.19954 1.19952 1.20114 -1.76465 
250000000 0.00311756 0.0235247 -0.418812 1.07642 -1.46744 -1.883 0.743184 0.342588 -0.793144 0.780716 0.445993 0.502785 1.19954 1.19952 1.20114 -1.74267 
270000000 0.00311633 0.0235234 -0.418829 1.08326 -1.46745 -1.89298 0.743183 0.326844 -0.793145 0.781489 0.445993 0.500559 1.19954 1.19953 1.20115 -1.74742 
290000000 0.00311569 0.0235223 -0.418841 1.08627 -1.46745 -1.90036 0.743181 0.296895 -0.793146 0.782946 0.445993 0.498525 1.19954 1.19953 1.20116 -1.76174 
310000000 0.00311488 0.0235207 -0.418852 1.07659 -1.46745 -1.89714 0.74318 0.296191 -0.793146 0.781673 0.445993 0.50302 1.19954 1.19952 1.20116 -1.76607 
330000000 0.00311621 0.0235116 -0.418865 1.07939 -1.46746 -1.89404 0.743178 0.295276 -0.793147 0.780801 0.445992 0.503728 1.19954 1.19952 1.20117 -1.75593 
350000000 0.00311321 0.0235411 -0.418878 1.09129 -1.46746 -1.90404 0.743176 0.262355 -0.793148 0.782606 0.445992 0.50084 1.19955 1.19952 1.20118 -1.76536 
370000000 0.00311411 0.0235258 -0.418895 1.11187 -1.46746 -1.92244 0.743176 0.211854 -0.793148 0.785115 0.445992 0.49415 1.19955 1.19953 1.20118 -1.784 
390000000 0.00311281 0.0235552 -0.418907 1.11327 -1.46747 -1.92941 0.743174 0.198177 -0.793149 0.785201 0.445992 0.491296 1.19955 1.19952 1.20119 -1.80033 
410000000 0.00311223 0.0254098 -0.418925 1.1125 -1.46747 -1.93042 0.743172 0.205612 -0.79315 0.786434 0.445992 0.48845 1.19955 1.19952 1.20119 -1.79685 
430000000 0.00311227 0.024361 -0.418942 1.11605 -1.46747 -1.9399 0.743171 0.20816 -0.79315 0.790379 0.445991 0.476632 1.19955 1.19952 1.2012 -1.79089 
450000000 0.00311278 0.0244506 -0.418956 1.11289 -1.46747 -1.93796 0.743171 0.240066 -0.793151 0.788301 0.445991 0.476787 1.19955 1.19951 1.20121 -1.77768 
470000000 0.00311475 0.0244477 -0.41897 1.13735 -1.46748 -1.95099 0.74317 0.214567 -0.793151 0.791212 0.445991 0.466217 1.19955 1.19952 1.20121 -1.77101 
490000000 0.00311243 0.0244417 -0.418983 1.14656 -1.46748 -1.95478 0.743169 0.201048 -0.793152 0.790565 0.445991 0.465876 1.19955 1.19951 1.20122 -1.7736 
510000000 0.0031144 0.0244235 -0.418995 1.14678 -1.46748 -1.95906 0.743167 0.206033 -0.793153 0.792709 0.445991 0.459839 1.19955 1.19951 1.20123 -1.77176 
530000000 0.00311313 0.0244285 -0.419014 1.15067 -1.46749 -1.96997 0.743165 0.211172 -0.793153 0.795212 0.44599 0.453513 1.19955 1.19951 1.20123 -1.76749 
550000000 0.00311136 0.0244338 -0.419027 1.14322 -1.46749 -1.96202 0.743163 0.23216 -0.793154 0.792323 0.44599 0.459711 1.19955 1.19951 1.20124 -1.76426 
570000000 0.00311153 0.0244283 -0.419042 1.14726 -1.46749 -1.969 0.743162 0.208119 -0.793155 0.791016 0.44599 0.462397 1.19955 1.19951 1.20124 -1.76636 
590000000 0.00311086 0.0244271 -0.419058 1.14527 -1.46749 -1.966 0.743161 0.208738 -0.793155 0.789407 0.44599 0.465784 1.19955 1.19951 1.20125 -1.76273 
610000000 0.00311245 0.0244212 -0.419072 1.14925 -1.4675 -1.97239 0.743159 0.202682 -0.793156 0.795393 0.44599 0.453042 1.19955 1.19951 1.20126 -1.75775 
630000000 0.00311001 0.0244213 -0.419086 1.14323 -1.4675 -1.97975 0.743157 0.231479 -0.793157 0.794113 0.445989 0.457799 1.19955 1.19951 1.20126 -1.74636 
650000000 0.00310933 0.0244263 -0.419099 1.14385 -1.4675 -1.97874 0.743155 0.248402 -0.793158 0.793578 0.445989 0.458455 1.19956 1.19951 1.20127 -1.73671 
670000000 0.00310881 0.024423 -0.419113 1.14557 -1.4675 -1.98134 0.743154 0.252822 -0.793158 0.79282 0.445989 0.458826 1.19956 1.19951 1.20128 -1.73651 
690000000 0.00311094 0.0244125 -0.419126 1.14368 -1.46751 -1.9774 0.743153 0.276206 -0.793159 0.791264 0.445989 0.461244 1.19956 1.19951 1.20128 -1.7267 
710000000 0.00310748 0.024426 -0.41914 1.14119 -1.46751 -1.97656 0.743151 0.287421 -0.793159 0.789631 0.445988 0.467068 1.19956 1.19951 1.20129 -1.72186 
730000000 0.00310804 0.0244181 -0.419149 1.13731 -1.46751 -1.97479 0.743149 0.283904 -0.79316 0.787192 0.445988 0.474212 1.19956 1.19951 1.20129 -1.72737 
750000000 0.00310853 0.0244207 -0.419161 1.1421 -1.46752 -1.97802 0.743147 0.280345 -0.793161 0.789471 0.445988 0.47077 1.19956 1.19951 1.2013 -1.72333 
770000000 0.00310804 0.0244122 -0.419173 1.13596 -1.46752 -1.97391 0.743145 0.288609 -0.793162 0.785889 0.445988 0.47993 1.19956 1.19951 1.20131 -1.72171 
790000000 0.00310806 0.0244152 -0.419186 1.13432 -1.46752 -1.95712 0.743143 0.312212 -0.793162 0.784778 0.445987 0.48456 1.19956 1.19951 1.20131 -1.70462 
810000000 0.00310716 0.0244149 -0.4192 1.13537 -1.46752 -1.95526 0.743143 0.311948 -0.793163 0.783566 0.445987 0.48799 1.19956 1.19951 1.20132 -1.7002 
830000000 0.00310794 0.0244169 -0.419216 1.1391 -1.46753 -1.95814 0.743141 0.307491 -0.793163 0.785062 0.445987 0.483922 1.19956 1.1995 1.20133 -1.70012 
850000000 0.00310613 0.0244073 -0.41923 1.14578 -1.46753 -1.97448 0.743139 0.263862 -0.793164 0.789845 0.445987 0.472945 1.19956 1.1995 1.20133 -1.71713 
870000000 0.00310495 0.0244174 -0.419244 1.14661 -1.46753 -1.99677 0.743137 0.216674 -0.793165 0.789144 0.445987 0.477668 1.19956 1.1995 1.20134 -1.75015 
890000000 0.00310366 0.0244253 -0.419254 1.13988 -1.46754 -1.99695 0.743135 0.213957 -0.793166 0.786973 0.445986 0.484567 1.19956 1.1995 1.20134 -1.75429 
910000000 0.0031044 0.0244152 -0.419266 1.14259 -1.46754 -2.00021 0.743133 0.203899 -0.793166 0.787333 0.445986 0.484589 1.19956 1.1995 1.20135 -1.75554 
930000000 0.00310401 0.0244191 -0.419275 1.13483 -1.46754 -2.00093 0.743131 0.212301 -0.793167 0.785926 0.445986 0.490477 1.19956 1.1995 1.20136 -1.75793 
950000000 0.00310398 0.0244189 -0.419289 1.14143 -1.46754 -2.00918 0.743129 0.204811 -0.793168 0.788341 0.445986 0.484908 1.19956 1.1995 1.20136 -1.75382 
970000000 0.0031027 0.0244219 -0.419304 1.1419 -1.46755 -2.01002 0.743127 0.218998 -0.793169 0.791492 0.445986 0.477173 1.19957 1.1995 1.20137 -1.7475 
990000000 0.0031041 0.0244176 -0.419319 1.14581 -1.46755 -2.01497 0.743126 0.21789 -0.79317 0.793636 0.445985 0.469325 1.19957 1.1995 1.20138 -1.7474 
10000000 0.00310226 0.0244187 -0.419333 1.15006 -1.46755 -2.01295 0.743125 0.234749 -0.79317 0.795862 0.445985 0.46343 1.19957 1.19949 1.20138 -1.73638 
30000000 0.00310231 0.0244142 -0.41935 1.15087 -1.46755 -2.00568 0.743124 0.262416 -0.79317 0.796814 0.445985 0.460932 1.19957 1.19949 1.20139 -1.72277 
50000000 0.00310232 0.0244152 -0.41936 1.15233 -1.46756 -1.99934 0.743123 0.286979 -0.793171 0.798144 0.445985 0.457654 1.19957 1.19949 1.20139 -1.70956 
70000000 0.00310137 0.0244079 -0.419372 1.15279 -1.46756 -1.99603 0.743121 0.30182 -0.793172 0.798878 0.445984 0.457581 1.19957 1.19949 1.2014 -1.70123 
90000000 0.00310053 0.0244093 -0.419386 1.15043 -1.46756 -2.0041 0.743118 0.283657 -0.793173 0.797923 0.445984 0.461623 1.19957 1.19949 1.20141 -1.71357 
110000000 0.00310212 0.0244006 -0.4194 1.15275 -1.46757 -2.00671 0.743116 0.272458 -0.793173 0.799422 0.445984 0.457534 1.19957 1.19949 1.20141 -1.71466 
130000000 0.00310063 0.0244 -0.419411 1.1513 -1.46757 -2.01524 0.743115 0.251812 -0.793174 0.797174 0.445984 0.462257 1.19957 1.19949 1.20142 -1.72196 
150000000 0.00309964 0.0244151 -0.419426 1.15418 -1.46757 -2.01783 0.743113 0.233487 -0.793175 0.79863 0.445984 0.458987 1.19957 1.19949 1.20143 -1.72456 
