Time gripper_l_joint gripper_r_joint yumi_joint_1_l yumi_joint_1_r yumi_joint_2_l yumi_joint_2_r yumi_joint_3_l yumi_joint_3_r yumi_joint_4_l yumi_joint_4_r yumi_joint_5_l yumi_joint_5_r yumi_joint_6_l yumi_joint_6_r yumi_joint_7_l yumi_joint_7_r 
890000000 0.0243342 0.00111016 -0.455211 0.459518 -1.46449 -1.464 0.788151 0.807227 -0.797683 0.800487 0.459363 0.482068 1.20692 1.22342 1.21348 -1.23323 
910000000 0.0237436 0.00106639 -0.455331 0.463434 -1.46444 -1.46285 0.788284 0.804994 -0.797673 0.799983 0.459395 0.478281 1.20691 1.22347 1.21349 -1.23565 
930000000 0.0237847 0.00108957 -0.455453 0.46933 -1.46438 -1.45747 0.788411 0.826632 -0.797665 0.799521 0.459426 0.472741 1.2069 1.22349 1.2135 -1.23695 
950000000 0.0238313 0.00112938 -0.455576 0.49904 -1.46432 -1.45637 0.78854 0.848983 -0.797657 0.799904 0.459459 0.475831 1.20689 1.2235 1.21351 -1.26697 
970000000 0.0238744 0.00115363 -0.455701 0.539451 -1.46427 -1.454 0.788671 0.854825 -0.797648 0.799513 0.459491 0.469081 1.20688 1.22351 1.21352 -1.31202 
990000000 0.0239209 0.00117841 -0.455834 0.564184 -1.46421 -1.45354 0.788799 0.873619 -0.79764 0.799845 0.459522 0.472231 1.20687 1.22351 1.21354 -1.34074 
10000000 0.0239706 0.00120845 -0.455962 0.56769 -1.46415 -1.45334 0.788926 0.919137 -0.797632 0.800006 0.459554 0.476087 1.20686 1.22351 1.21355 -1.33229 
30000000 0.024013 0.00125422 -0.456095 0.586115 -1.46409 -1.45321 0.789056 0.967212 -0.797622 0.800148 0.459587 0.478465 1.20685 1.22351 1.21356 -1.35141 
50000000 0.0240595 0.00127219 -0.456222 0.596697 -1.46404 -1.45136 0.789182 1.01279 -0.797614 0.800051 0.459617 0.480749 1.20684 1.2235 1.21357 -1.36678 
70000000 0.0241053 0.00129007 -0.456356 0.605268 -1.46398 -1.45281 0.789313 1.06444 -0.797605 0.799963 0.45965 0.497925 1.20683 1.2235 1.21359 -1.38092 
90000000 0.0241512 0.00129879 -0.456482 0.615493 -1.46392 -1.44697 0.789444 1.09469 -0.797596 0.800164 0.459682 0.483918 1.20683 1.2235 1.2136 -1.40819 
110000000 0.0241962 0.00130477 -0.456608 0.618319 -1.46387 -1.44558 0.789572 1.13245 -0.797587 0.800158 0.459713 0.484626 1.20682 1.2235 1.21361 -1.43756 
130000000 0.0242439 0.00131667 -0.456739 0.62157 -1.46381 -1.44168 0.789701 1.14926 -0.797578 0.800594 0.459745 0.474969 1.20681 1.2235 1.21363 -1.4554 
150000000 0.0242888 0.00131918 -0.456871 0.626472 -1.46376 -1.43346 0.789833 1.15028 -0.797569 0.801681 0.459777 0.465169 1.2068 1.2235 1.21364 -1.48161 
170000000 0.0243348 0.00130804 -0.456997 0.628886 -1.4637 -1.43082 0.789963 1.15323 -0.79756 0.802711 0.459808 0.458977 1.20679 1.2235 1.21365 -1.49666 
190000000 0.0243835 0.00131852 -0.457126 0.626753 -1.46364 -1.43378 0.790093 1.16687 -0.797551 0.801457 0.459839 0.471179 1.20678 1.22351 1.21366 -1.49374 
210000000 0.0244304 0.00130912 -0.457253 0.627464 -1.46359 -1.4391 0.790224 1.219 -0.797542 0.800819 0.459871 0.484641 1.20677 1.22351 1.21368 -1.45569 
230000000 0.0244755 0.00135124 -0.457378 0.630895 -1.46353 -1.43749 0.790354 1.26739 -0.797533 0.801237 0.459903 0.482071 1.20676 1.22351 1.21369 -1.44112 
250000000 0.024521 0.00132892 -0.457501 0.638851 -1.46348 -1.44515 0.790483 1.31329 -0.797524 0.801213 0.459934 0.490659 1.20675 1.22351 1.2137 -1.41664 
270000000 0.0245702 0.00134875 -0.457629 0.645053 -1.46342 -1.43534 0.790613 1.33013 -0.797515 0.801297 0.459965 0.473643 1.20674 1.22351 1.21372 -1.43807 
290000000 0.0246176 0.00134099 -0.457755 0.65188 -1.46337 -1.43318 0.790744 1.3441 -0.797505 0.802036 0.459997 0.464464 1.20673 1.22352 1.21373 -1.45755 
310000000 0.024664 0.00134599 -0.457884 0.659876 -1.46331 -1.43531 0.790876 1.36228 -0.797496 0.801989 0.460029 0.46939 1.20672 1.22352 1.21374 -1.45958 
330000000 0.0247117 0.0013462 -0.458008 0.668305 -1.46326 -1.43804 0.791005 1.38758 -0.797486 0.801795 0.460059 0.474729 1.20671 1.22352 1.21376 -1.45008 
350000000 0.02476 0.00134136 -0.458133 0.674761 -1.4632 -1.43851 0.791136 1.396 -0.797476 0.801442 0.460091 0.473638 1.20671 1.22352 1.21377 -1.44511 
370000000 0.0248063 0.00133158 -0.458259 0.689004 -1.46315 -1.44356 0.791268 1.39401 -0.797467 0.800948 0.460122 0.480579 1.2067 1.22352 1.21378 -1.43306 
390000000 0.0248546 0.0013279 -0.458384 0.703053 -1.46309 -1.44868 0.7914 1.3914 -0.797457 0.801311 0.460154 0.488626 1.20669 1.22352 1.2138 -1.41237 
410000000 0.0249002 0.00131522 -0.458508 0.70821 -1.46304 -1.4511 0.791529 1.39245 -0.797448 0.800932 0.460184 0.500055 1.20668 1.22352 1.21381 -1.40283 
430000000 0.0249511 0.00133268 -0.458633 0.709522 -1.46298 -1.43715 0.791659 1.3793 -0.797438 0.802017 0.460215 0.474318 1.20667 1.22353 1.21382 -1.43305 
450000000 0.0249973 0.00131087 -0.458758 0.720116 -1.46293 -1.44347 0.791791 1.36175 -0.797428 0.801159 0.460247 0.489948 1.20666 1.22352 1.21384 -1.43866 
470000000 0.0238141 0.00132926 -0.458878 0.724134 -1.46288 -1.43809 0.791907 1.33464 -0.797419 0.801742 0.460277 0.483861 1.20665 1.22352 1.21384 -1.45703 
490000000 0.0237529 0.00132281 -0.459003 0.730912 -1.46283 -1.44238 0.792037 1.32223 -0.79741 0.801757 0.460308 0.486106 1.20664 1.22352 1.21386 -1.45201 
510000000 0.0238002 0.0013172 -0.459126 0.734964 -1.46277 -1.43509 0.792167 1.32147 -0.797401 0.802864 0.460339 0.470936 1.20663 1.22352 1.21387 -1.45396 
530000000 0.0238463 0.00131609 -0.459256 0.742437 -1.46272 -1.43756 0.792299 1.31385 -0.797392 0.801674 0.460371 0.483119 1.20662 1.22352 1.21388 -1.45655 
550000000 0.0238941 0.00132159 -0.459382 0.749521 -1.46266 -1.43872 0.79243 1.33166 -0.797384 0.801214 0.460403 0.486751 1.20661 1.22353 1.21389 -1.44341 
570000000 0.0239388 0.00130488 -0.459507 0.764085 -1.46261 -1.4451 0.792563 1.3608 -0.797375 0.801366 0.460435 0.500702 1.2066 1.22353 1.2139 -1.41578 
590000000 0.0239856 0.00131084 -0.459631 0.766147 -1.46256 -1.43755 0.792694 1.35542 -0.797365 0.802011 0.460467 0.490802 1.20659 1.22352 1.21392 -1.43362 
610000000 0.0240352 0.00132181 -0.459759 0.768108 -1.4625 -1.43713 0.792821 1.3308 -0.797357 0.801425 0.460497 0.498383 1.20659 1.22352 1.21393 -1.45331 
630000000 0.0240816 0.00132253 -0.459887 0.774348 -1.46245 -1.43576 0.792952 1.30373 -0.797348 0.801851 0.460529 0.496852 1.20658 1.22352 1.21394 -1.45816 
650000000 0.0241274 0.00130905 -0.460011 0.78039 -1.46239 -1.44027 0.793083 1.28573 -0.797339 0.801064 0.46056 0.498614 1.20657 1.22352 1.21395 -1.45805 
670000000 0.0241737 0.00131098 -0.460136 0.784381 -1.46234 -1.43891 0.793214 1.27517 -0.79733 0.801333 0.460592 0.494097 1.20656 1.22353 1.21397 -1.46017 
690000000 0.0242219 0.00131564 -0.460262 0.792063 -1.46228 -1.43681 0.793344 1.25354 -0.79732 0.801276 0.460623 0.490335 1.20655 1.22353 1.21398 -1.47993 
710000000 0.0242676 0.00131702 -0.460383 0.794371 -1.46223 -1.43388 0.793472 1.21807 -0.797311 0.802122 0.460653 0.481384 1.20654 1.22353 1.21399 -1.50503 
730000000 0.0243152 0.00130587 -0.460507 0.797846 -1.46217 -1.43729 0.793602 1.19451 -0.797302 0.800936 0.460684 0.484861 1.20653 1.22353 1.214 -1.50553 
750000000 0.0243622 0.00131168 -0.460633 0.808523 -1.46212 -1.43891 0.793732 1.18977 -0.797292 0.800352 0.460715 0.4929 1.20652 1.22354 1.21402 -1.49085 
770000000 0.0244091 0.00131423 -0.460755 0.817317 -1.46206 -1.43778 0.793863 1.18581 -0.797282 0.800593 0.460747 0.486933 1.20651 1.22354 1.21403 -1.49153 
790000000 0.0244569 0.00131962 -0.460878 0.820788 -1.46201 -1.43692 0.793992 1.16152 -0.797272 0.801267 0.460778 0.484097 1.2065 1.22354 1.21404 -1.51924 
810000000 0.0245029 0.00130704 -0.461 0.825674 -1.46195 -1.43675 0.794123 1.13149 -0.797262 0.801549 0.460809 0.481293 1.2065 1.22354 1.21406 -1.54245 
830000000 0.02455 0.00130738 -0.461124 0.831971 -1.4619 -1.43709 0.794253 1.11342 -0.797252 0.800912 0.46084 0.485261 1.20649 1.22354 1.21407 -1.54413 
850000000 0.0245961 0.00131292 -0.461243 0.833934 -1.46185 -1.43683 0.79438 1.09114 -0.797244 0.801689 0.46087 0.474773 1.20648 1.22354 1.21408 -1.56517 
870000000 0.024645 0.00131602 -0.461365 0.838364 -1.46179 -1.43694 0.794509 1.07141 -0.797234 0.801931 0.460901 0.470004 1.20647 1.22354 1.21409 -1.57152 
890000000 0.024692 0.00131632 -0.461485 0.843377 -1.46174 -1.43689 0.794639 1.02365 -0.797224 0.802218 0.460931 0.462346 1.20646 1.22355 1.21411 -1.60897 
910000000 0.02474 0.00130972 -0.461605 0.847003 -1.46169 -1.43709 0.794768 0.98019 -0.797214 0.802196 0.460962 0.459975 1.20645 1.22355 1.21412 -1.64057 
930000000 0.0247874 0.00131541 -0.461725 0.849164 -1.46163 -1.43526 0.794899 0.951889 -0.797204 0.802575 0.460993 0.465864 1.20644 1.22355 1.21413 -1.66148 
950000000 0.0248346 0.00131272 -0.461845 0.851583 -1.46158 -1.43471 0.795029 0.961596 -0.797194 0.801838 0.461024 0.468253 1.20643 1.22355 1.21415 -1.65534 
970000000 0.0248822 0.0013143 -0.461965 0.858163 -1.46153 -1.43589 0.795157 0.962002 -0.797184 0.802638 0.461054 0.462495 1.20643 1.22355 1.21416 -1.66969 
990000000 0.0249287 0.00132499 -0.462085 0.86211 -1.46147 -1.43349 0.795289 0.981253 -0.797173 0.801757 0.461085 0.474323 1.20642 1.22355 1.21417 -1.6712 
10000000 0.0249755 0.00132326 -0.462203 0.869679 -1.46142 -1.43689 0.795417 1.00507 -0.797163 0.804356 0.461116 0.458154 1.20641 1.22355 1.21419 -1.66808 
30000000 0.0244976 0.00132227 -0.462314 0.872584 -1.46137 -1.43781 0.795532 0.992953 -0.797154 0.80547 0.461146 0.449899 1.2064 1.22356 1.21419 -1.69024 
50000000 0.0237387 0.00132979 -0.462432 0.876108 -1.46132 -1.43913 0.795658 0.987064 -0.797145 0.806684 0.461175 0.44071 1.20639 1.22356 1.21421 -1.69826 
70000000 0.0237765 0.00132177 -0.462553 0.880148 -1.46127 -1.43739 0.795787 0.963532 -0.797135 0.805878 0.461206 0.445509 1.20638 1.22356 1.21422 -1.70959 
90000000 0.0238235 0.00132032 -0.462675 0.885664 -1.46121 -1.43709 0.795916 0.955387 -0.797126 0.804976 0.461237 0.448852 1.20637 1.22356 1.21423 -1.70505 
110000000 0.0238701 0.0013184 -0.462796 0.894192 -1.46116 -1.43428 0.796046 0.958611 -0.797116 0.803264 0.461268 0.459171 1.20637 1.22356 1.21424 -1.69723 
130000000 0.0239166 0.00131841 -0.462918 0.899464 -1.4611 -1.43401 0.796176 0.953745 -0.797107 0.803167 0.461299 0.460662 1.20636 1.22356 1.21426 -1.6995 
150000000 0.0239638 0.00132338 -0.463038 0.908005 -1.46105 -1.4315 0.796306 0.982883 -0.797097 0.801889 0.461329 0.468308 1.20635 1.22356 1.21427 -1.6776 
170000000 0.0240094 0.0013346 -0.463158 0.915211 -1.461 -1.43253 0.796435 0.972037 -0.797088 0.802757 0.46136 0.462063 1.20634 1.22357 1.21428 -1.70195 
190000000 0.0240564 0.00132129 -0.46328 0.926158 -1.46094 -1.43052 0.796565 0.977999 -0.797078 0.800308 0.461391 0.4733 1.20633 1.22357 1.21429 -1.6895 
210000000 0.0241028 0.00132072 -0.4634 0.94119 -1.46089 -1.43377 0.796693 0.955381 -0.797068 0.801866 0.461422 0.459388 1.20632 1.22357 1.21431 -1.69642 
230000000 0.02415 0.00131605 -0.463519 0.945514 -1.46084 -1.43578 0.796823 0.920206 -0.797058 0.802843 0.461452 0.453201 1.20631 1.22357 1.21432 -1.71112 
250000000 0.0241971 0.00131851 -0.463639 0.952627 -1.46078 -1.42758 0.796954 0.934714 -0.797048 0.799509 0.461483 0.475416 1.2063 1.22357 1.21433 -1.69293 
270000000 0.0242427 0.00131935 -0.463758 0.964774 -1.46073 -1.42591 0.797083 0.985361 -0.797038 0.798273 0.461514 0.481451 1.2063 1.22357 1.21434 -1.65346 
290000000 0.0242898 0.00131415 -0.463875 0.978996 -1.46068 -1.42748 0.797212 1.01565 -0.797028 0.798843 0.461544 0.471241 1.20629 1.22357 1.21436 -1.63835 
310000000 0.024336 0.001321 -0.463995 0.990567 -1.46062 -1.42863 0.797342 1.01108 -0.797018 0.799306 0.461575 0.468546 1.20628 1.22357 1.21437 -1.65651 
330000000 0.0243826 0.00132042 -0.464112 0.999509 -1.46057 -1.4294 0.797468 1.0035 -0.797009 0.7996 0.461604 0.463871 1.20627 1.22357 1.21438 -1.66389 
350000000 0.0244297 0.00131431 -0.46423 1.01108 -1.46052 -1.42696 0.797597 1.01479 -0.796999 0.798478 0.461634 0.47537 1.20626 1.22358 1.21439 -1.65149 
370000000 0.0244762 0.00132106 -0.464348 1.01816 -1.46046 -1.42772 0.797726 1.0223 -0.796989 0.798835 0.461665 0.471958 1.20625 1.22358 1.21441 -1.6487 
390000000 0.0245238 0.00131967 -0.464468 1.02282 -1.46041 -1.42767 0.797856 1.019 -0.796979 0.79834 0.461695 0.470177 1.20624 1.22358 1.21442 -1.64696 
410000000 0.0245725 0.00130379 -0.464585 1.03784 -1.46036 -1.42765 0.797986 1.01731 -0.796968 0.798143 0.461725 0.469886 1.20624 1.22358 1.21443 -1.63841 
430000000 0.0246197 0.00130965 -0.464703 1.05258 -1.4603 -1.42778 0.798114 1.00674 -0.796958 0.799087 0.461755 0.471235 1.20623 1.22358 1.21445 -1.64218 
450000000 0.0246662 0.00130948 -0.464819 1.05996 -1.46025 -1.42617 0.798244 0.986106 -0.796947 0.79838 0.461785 0.47754 1.20622 1.22359 1.21446 -1.64923 
470000000 0.024714 0.00129311 -0.464939 1.06795 -1.46019 -1.42661 0.798372 0.967085 -0.796937 0.798912 0.461816 0.476671 1.20621 1.22359 1.21447 -1.64993 
490000000 0.0247602 0.00131151 -0.465055 1.0767 -1.46014 -1.42591 0.798501 0.965816 -0.796926 0.799208 0.461846 0.478328 1.2062 1.22359 1.21448 -1.64625 
510000000 0.0248081 0.00130269 -0.465172 1.08245 -1.46009 -1.43247 0.798629 0.928067 -0.796915 0.802059 0.461875 0.460179 1.20619 1.22359 1.2145 -1.67993 
530000000 0.0248545 0.00130818 -0.465289 1.08506 -1.46003 -1.43021 0.798759 0.890974 -0.796905 0.801183 0.461905 0.464334 1.20619 1.22359 1.21451 -1.71411 
550000000 0.0249005 0.00130173 -0.465406 1.09068 -1.45998 -1.43356 0.798887 0.890206 -0.796894 0.802141 0.461936 0.455881 1.20618 1.2236 1.21452 -1.71004 
570000000 0.0249477 0.00130207 -0.465525 1.10057 -1.45993 -1.43287 0.799019 0.887722 -0.796882 0.801909 0.461967 0.458087 1.20617 1.2236 1.21454 -1.70674 
590000000 0.0249939 0.00130124 -0.46564 1.10629 -1.45987 -1.43617 0.799148 0.881482 -0.796872 0.801386 0.461996 0.454588 1.20616 1.2236 1.21455 -1.71095 
610000000 0.0238675 0.00129771 -0.465748 1.10882 -1.45982 -1.44128 0.799262 0.858516 -0.796863 0.803516 0.462026 0.444645 1.20615 1.2236 1.21456 -1.72893 
630000000 0.0237462 0.00129131 -0.465866 1.11671 -1.45977 -1.43813 0.799387 0.840117 -0.796853 0.801826 0.462054 0.45429 1.20615 1.2236 1.21457 -1.73979 
650000000 0.0237906 0.00129555 -0.465985 1.12809 -1.45972 -1.4411 0.799517 0.815068 -0.796843 0.802578 0.462086 0.449708 1.20614 1.22361 1.21458 -1.74912 
670000000 0.0238365 0.0012886 -0.466104 1.13712 -1.45966 -1.43359 0.799648 0.781199 -0.796832 0.800659 0.462116 0.460439 1.20613 1.22361 1.2146 -1.75979 
690000000 0.0238835 0.00128944 -0.466222 1.14934 -1.45961 -1.44305 0.799774 0.754308 -0.796823 0.804077 0.462146 0.448004 1.20612 1.22361 1.21461 -1.76122 
710000000 0.0239296 0.00128915 -0.46634 1.15694 -1.45956 -1.43954 0.799904 0.733873 -0.796813 0.803426 0.462176 0.452287 1.20611 1.22361 1.21462 -1.76566 
730000000 0.0239755 0.00128983 -0.466459 1.16838 -1.4595 -1.43883 0.800031 0.735864 -0.796803 0.803492 0.462206 0.454869 1.2061 1.22361 1.21463 -1.75613 
750000000 0.024022 0.00128822 -0.466577 1.18616 -1.45945 -1.43623 0.80016 0.733614 -0.796793 0.801703 0.462236 0.462042 1.2061 1.22361 1.21464 -1.75229 
770000000 0.0240686 0.00128005 -0.466695 1.2095 -1.45939 -1.4329 0.800288 0.734888 -0.796783 0.799102 0.462266 0.471361 1.20609 1.22361 1.21466 -1.74717 
790000000 0.0241145 0.00128877 -0.466811 1.23065 -1.45934 -1.42604 0.800417 0.779082 -0.796773 0.797311 0.462296 0.479804 1.20608 1.22361 1.21467 -1.71446 
810000000 0.0241629 0.00128606 -0.466928 1.2529 -1.45929 -1.41655 0.800545 0.809839 -0.796762 0.795206 0.462326 0.493029 1.20607 1.22362 1.21468 -1.68808 
830000000 0.0242084 0.00128898 -0.467045 1.27638 -1.45923 -1.41323 0.800673 0.858082 -0.796751 0.794845 0.462355 0.494135 1.20606 1.22362 1.21469 -1.65004 
850000000 0.0242548 0.00128041 -0.467161 1.29361 -1.45918 -1.41515 0.800802 0.882988 -0.796741 0.79525 0.462385 0.492652 1.20605 1.22362 1.21471 -1.63412 
870000000 0.0243009 0.00128069 -0.467275 1.30967 -1.45912 -1.41546 0.800931 0.893739 -0.79673 0.795788 0.462415 0.495121 1.20605 1.22362 1.21472 -1.62641 
890000000 0.0243476 0.00127264 -0.467391 1.3192 -1.45907 -1.41216 0.80106 0.901763 -0.79672 0.795485 0.462445 0.496314 1.20604 1.22363 1.21473 -1.61998 
910000000 0.0243941 0.00128917 -0.467505 1.32655 -1.45902 -1.4129 0.80119 0.877749 -0.796709 0.796415 0.462475 0.493452 1.20603 1.22363 1.21474 -1.64172 
930000000 0.02444 0.00128665 -0.467256 1.32001 -1.45912 -1.4134 0.800938 0.876421 -0.796723 0.796446 0.462412 0.493122 1.20605 1.22353 1.21472 -1.63885 
950000000 0.0244867 0.00128673 -0.466889 1.31106 -1.45928 -1.41406 0.800557 0.875157 -0.796745 0.796485 0.462318 0.49269 1.20608 1.2234 1.21469 -1.63459 
970000000 0.0245335 0.001287 -0.466525 1.3022 -1.45943 -1.41472 0.800181 0.873906 -0.796767 0.796523 0.462225 0.492262 1.20611 1.22326 1.21465 -1.63037 
990000000 0.0245804 0.00128722 -0.466164 1.29343 -1.45958 -1.41537 0.79981 0.872667 -0.796789 0.796562 0.462133 0.491838 1.20614 1.22313 1.21462 -1.62619 
10000000 0.0246274 0.0012874 -0.465807 1.28475 -1.45973 -1.41601 0.799442 0.871442 -0.79681 0.7966 0.462042 0.491419 1.20617 1.22301 1.21459 -1.62205 
30000000 0.0246743 0.00128751 -0.465455 1.27615 -1.45988 -1.41665 0.799077 0.870229 -0.796831 0.796637 0.461952 0.491005 1.2062 1.22288 1.21456 -1.61795 
50000000 0.0247213 0.00128758 -0.465105 1.26764 -1.46003 -1.41728 0.798717 0.869028 -0.796852 0.796674 0.461863 0.490594 1.20623 1.22275 1.21453 -1.6139 
70000000 0.0247683 0.00128759 -0.46476 1.25921 -1.46018 -1.41791 0.798361 0.867841 -0.796873 0.796711 0.461774 0.490188 1.20626 1.22263 1.21449 -1.60988 
90000000 0.0248154 0.00128755 -0.464418 1.25087 -1.46032 -1.41853 0.798008 0.866665 -0.796893 0.796747 0.461687 0.489785 1.20629 1.2225 1.21446 -1.60591 
110000000 0.0248624 0.00128742 -0.46408 1.24261 -1.46046 -1.41914 0.797659 0.865502 -0.796913 0.796783 0.461601 0.489387 1.20632 1.22238 1.21443 -1.60197 
130000000 0.0249097 0.00128732 -0.463753 1.23442 -1.46061 -1.41975 0.797314 0.86435 -0.796933 0.796818 0.461515 0.488993 1.20635 1.22226 1.2144 -1.59808 
150000000 0.0249571 0.0012872 -0.463429 1.22631 -1.46075 -1.42035 0.796972 0.86321 -0.796953 0.796854 0.461431 0.488603 1.20638 1.22214 1.21437 -1.59422 
170000000 0.0253809 0.00128716 -0.463106 1.21829 -1.46089 -1.42094 0.796629 0.862081 -0.796974 0.796889 0.461347 0.488217 1.20641 1.22202 1.21434 -1.5904 
190000000 0.0237667 0.00128674 -0.462785 1.21034 -1.46103 -1.42153 0.796283 0.860964 -0.796995 0.796923 0.461263 0.487835 1.20643 1.2219 1.21431 -1.58662 
210000000 0.0237599 0.00128631 -0.462472 1.20247 -1.46116 -1.42211 0.795952 0.85986 -0.797015 0.796957 0.461181 0.487456 1.20646 1.22179 1.21427 -1.58288 
230000000 0.0238068 0.00128584 -0.462164 1.19468 -1.4613 -1.42269 0.795624 0.858766 -0.797035 0.796991 0.461101 0.487082 1.20649 1.22167 1.21424 -1.57917 
250000000 0.0238544 0.00128528 -0.461859 1.18697 -1.46143 -1.42326 0.7953 0.857685 -0.797055 0.797025 0.461021 0.486711 1.20651 1.22156 1.21421 -1.5755 
270000000 0.0239018 0.00128463 -0.461557 1.17933 -1.46156 -1.42382 0.79498 0.856615 -0.797074 0.797058 0.460942 0.486344 1.20654 1.22145 1.21419 -1.57187 
290000000 0.0239492 0.00128388 -0.461258 1.17178 -1.46169 -1.42438 0.794663 0.855555 -0.797094 0.79709 0.460865 0.485981 1.20656 1.22134 1.21416 -1.56827 
310000000 0.0239964 0.00128308 -0.460963 1.16429 -1.46182 -1.42494 0.794349 0.854508 -0.797114 0.797122 0.460788 0.485622 1.20659 1.22123 1.21413 -1.56471 
330000000 0.0240435 0.00128218 -0.460671 1.15688 -1.46195 -1.42549 0.794039 0.853471 -0.797133 0.797154 0.460712 0.485266 1.20661 1.22112 1.2141 -1.56119 
350000000 0.0240907 0.00128123 -0.460382 1.14954 -1.46207 -1.42603 0.793732 0.852445 -0.797152 0.797186 0.460636 0.484914 1.20664 1.22101 1.21407 -1.5577 
370000000 0.0241395 0.00128018 -0.460094 1.14228 -1.4622 -1.42657 0.793425 0.85143 -0.797171 0.797217 0.46056 0.484566 1.20666 1.2209 1.21404 -1.55424 
390000000 0.0241878 0.00127906 -0.459811 1.13508 -1.46232 -1.4271 0.793123 0.850426 -0.79719 0.797248 0.460486 0.484221 1.20669 1.2208 1.21401 -1.55082 
410000000 0.0242358 0.00127786 -0.45953 1.12796 -1.46245 -1.42762 0.792825 0.849432 -0.797208 0.797278 0.460413 0.483881 1.20671 1.22069 1.21399 -1.54744 
430000000 0.0242832 0.00127659 -0.459252 1.12091 -1.46257 -1.42815 0.79253 0.84845 -0.797227 0.797308 0.460341 0.483543 1.20673 1.22059 1.21396 -1.54408 
450000000 0.0243306 0.00127524 -0.458978 1.11393 -1.46269 -1.42866 0.792239 0.847477 -0.797245 0.797337 0.46027 0.483209 1.20676 1.22049 1.21393 -1.54076 
470000000 0.0243796 0.00127384 -0.458704 1.10702 -1.46281 -1.42917 0.791947 0.846515 -0.797264 0.797367 0.460198 0.482879 1.20678 1.22038 1.21391 -1.53748 
490000000 0.0244278 0.00127235 -0.458436 1.10018 -1.46293 -1.42968 0.791661 0.845564 -0.797282 0.797395 0.460128 0.482553 1.2068 1.22028 1.21388 -1.53422 
510000000 0.0244761 0.00127079 -0.45817 1.0934 -1.46304 -1.43018 0.791378 0.844622 -0.797299 0.797424 0.460059 0.48223 1.20683 1.22018 1.21385 -1.531 
530000000 0.0245239 0.00126916 -0.457906 1.08669 -1.46316 -1.43067 0.791099 0.843691 -0.797316 0.797452 0.45999 0.48191 1.20685 1.22009 1.21383 -1.52781 
550000000 0.0245714 0.0012675 -0.457643 1.08005 -1.46327 -1.43116 0.79082 0.84277 -0.797334 0.797479 0.459921 0.481594 1.20687 1.21999 1.2138 -1.52465 
570000000 0.0246218 0.00126568 -0.457385 1.07348 -1.46339 -1.43164 0.790545 0.841858 -0.797351 0.797507 0.459854 0.481281 1.20689 1.21989 1.21378 -1.52153 
590000000 0.02467 0.00126383 -0.45713 1.06697 -1.4635 -1.43212 0.790273 0.840957 -0.797368 0.797534 0.459787 0.480972 1.20691 1.2198 1.21375 -1.51843 
610000000 0.0247179 0.00126191 -0.456878 1.06052 -1.46361 -1.4326 0.790005 0.840065 -0.797385 0.79756 0.459722 0.480667 1.20694 1.2197 1.21373 -1.51537 
630000000 0.0247669 0.00125991 -0.456626 1.05414 -1.46372 -1.43307 0.789737 0.839183 -0.797402 0.797586 0.459656 0.480364 1.20696 1.21961 1.21371 -1.51233 
650000000 0.0248163 0.00125785 -0.456378 1.04782 -1.46383 -1.43353 0.789473 0.838311 -0.797418 0.797612 0.459591 0.480065 1.20698 1.21952 1.21368 -1.50933 
670000000 0.0248647 0.00125571 -0.456133 1.04156 -1.46393 -1.43399 0.789213 0.837448 -0.797434 0.797637 0.459528 0.47977 1.207 1.21943 1.21366 -1.50635 
690000000 0.0249127 0.00125356 -0.455889 1.03537 -1.46404 -1.43445 0.788954 0.836595 -0.79745 0.797662 0.459464 0.479478 1.20702 1.21934 1.21364 -1.50341 
710000000 0.0249633 0.00125122 -0.455649 1.02923 -1.46415 -1.4349 0.788698 0.83575 -0.797466 0.797687 0.459401 0.479189 1.20704 1.21925 1.21361 -1.50049 
730000000 0.0252674 0.00124891 -0.455406 1.02316 -1.46425 -1.43534 0.788436 0.834915 -0.797482 0.797712 0.459339 0.478903 1.20706 1.21916 1.21359 -1.4976 
750000000 0.023749 0.00124633 -0.455166 1.01715 -1.46436 -1.43579 0.788179 0.834089 -0.797499 0.797736 0.459277 0.478621 1.20708 1.21907 1.21356 -1.49475 
770000000 0.0237694 0.00124379 -0.454936 1.0112 -1.46446 -1.43622 0.787932 0.833273 -0.797515 0.797759 0.459217 0.478342 1.2071 1.21899 1.21354 -1.49192 
790000000 0.0238172 0.00124118 -0.454709 1.0053 -1.46456 -1.43665 0.787689 0.832465 -0.797531 0.797782 0.459158 0.478066 1.20712 1.2189 1.21352 -1.48911 
810000000 0.0238663 0.00123851 -0.454481 0.999468 -1.46466 -1.43708 0.787445 0.831667 -0.797547 0.797805 0.459098 0.477793 1.20714 1.21882 1.21349 -1.48634 
830000000 0.0239152 0.00123574 -0.454259 0.99369 -1.46476 -1.4375 0.787206 0.830877 -0.797563 0.797828 0.45904 0.477524 1.20716 1.21873 1.21347 -1.48359 
850000000 0.023963 0.00123292 -0.454039 0.987969 -1.46486 -1.43792 0.78697 0.830096 -0.797579 0.79785 0.458983 0.477258 1.20717 1.21865 1.21345 -1.48087 
870000000 0.0240127 0.00123002 -0.453819 0.982305 -1.46496 -1.43834 0.786733 0.829323 -0.797595 0.797872 0.458925 0.476994 1.20719 1.21857 1.21343 -1.47818 
890000000 0.0240613 0.00122703 -0.453604 0.976697 -1.46505 -1.43875 0.786501 0.82856 -0.797611 0.797893 0.458869 0.476734 1.20721 1.21849 1.21341 -1.47551 
910000000 0.0241104 0.00122397 -0.453388 0.971144 -1.46515 -1.43915 0.78627 0.827804 -0.797626 0.797914 0.458812 0.476477 1.20723 1.21841 1.21338 -1.47287 
930000000 0.0241596 0.00122085 -0.453177 0.965647 -1.46524 -1.43955 0.786043 0.827057 -0.797642 0.797935 0.458757 0.476223 1.20725 1.21833 1.21336 -1.47026 
950000000 0.0242079 0.00121764 -0.452968 0.960203 -1.46533 -1.43995 0.78582 0.826319 -0.797656 0.797956 0.458703 0.475972 1.20726 1.21825 1.21334 -1.46767 
970000000 0.0242582 0.00121437 -0.45276 0.954813 -1.46543 -1.44034 0.785594 0.825589 -0.797672 0.797976 0.458648 0.475725 1.20728 1.21817 1.21332 -1.4651 
990000000 0.0243068 0.00121102 -0.452555 0.949477 -1.46552 -1.44073 0.785374 0.824867 -0.797686 0.797995 0.458595 0.47548 1.2073 1.21809 1.2133 -1.46257 
10000000 0.0243564 0.0012076 -0.45235 0.944194 -1.46561 -1.44112 0.785154 0.824153 -0.797701 0.798015 0.458541 0.475238 1.20732 1.21802 1.21328 -1.46005 
30000000 0.0244059 0.00120409 -0.452149 0.938963 -1.4657 -1.4415 0.784939 0.823447 -0.797715 0.798034 0.458489 0.474999 1.20733 1.21794 1.21326 -1.45757 
50000000 0.0244538 0.00120058 -0.451949 0.933784 -1.46579 -1.44187 0.784724 0.822749 -0.79773 0.798053 0.458436 0.474763 1.20735 1.21787 1.21324 -1.4551 
70000000 0.0245048 0.00119687 -0.451753 0.928656 -1.46587 -1.44224 0.784512 0.822058 -0.797744 0.798071 0.458385 0.47453 1.20736 1.21779 1.21322 -1.45266 
90000000 0.0245533 0.00119316 -0.451558 0.923578 -1.46596 -1.44261 0.784305 0.821376 -0.797757 0.798089 0.458335 0.474299 1.20738 1.21772 1.2132 -1.45025 
110000000 0.0246041 0.00118937 -0.451364 0.918551 -1.46605 -1.44298 0.784094 0.820701 -0.797772 0.798107 0.458283 0.474072 1.2074 1.21765 1.21318 -1.44786 
130000000 0.0246527 0.00118549 -0.451173 0.913574 -1.46613 -1.44334 0.783891 0.820034 -0.797785 0.798124 0.458234 0.473847 1.20741 1.21758 1.21316 -1.44549 
150000000 0.0247035 0.00118157 -0.450983 0.908646 -1.46622 -1.44369 0.783685 0.819375 -0.797799 0.798141 0.458184 0.473625 1.20743 1.21751 1.21315 -1.44315 
170000000 0.0247525 0.00117757 -0.450796 0.903766 -1.4663 -1.44405 0.783486 0.818723 -0.797812 0.798158 0.458136 0.473406 1.20744 1.21744 1.21313 -1.44082 
190000000 0.024803 0.00117351 -0.450609 0.898935 -1.46638 -1.4444 0.783284 0.818078 -0.797825 0.798175 0.458087 0.47319 1.20746 1.21737 1.21311 -1.43853 
210000000 0.0248524 0.00116936 -0.450426 0.894152 -1.46646 -1.44474 0.783089 0.817441 -0.797838 0.798191 0.458039 0.472976 1.20747 1.2173 1.21309 -1.43625 
230000000 0.0249031 0.00116517 -0.450243 0.889416 -1.46654 -1.44508 0.782892 0.816811 -0.797851 0.798207 0.457991 0.472766 1.20749 1.21723 1.21307 -1.434 
250000000 0.0249526 0.00116088 -0.450063 0.884727 -1.46662 -1.44542 0.782701 0.816188 -0.797863 0.798222 0.457945 0.472557 1.20751 1.21717 1.21306 -1.43177 
270000000 0.0253445 0.0011566 -0.449883 0.880084 -1.4667 -1.44576 0.782504 0.815572 -0.797876 0.798238 0.457897 0.472352 1.20752 1.2171 1.21304 -1.42956 
290000000 0.0237811 0.00115209 -0.449701 0.875487 -1.46678 -1.44609 0.782306 0.814963 -0.797889 0.798253 0.457852 0.472149 1.20753 1.21703 1.21302 -1.42737 
310000000 0.023763 0.00114761 -0.449528 0.870935 -1.46686 -1.44641 0.782116 0.814361 -0.797903 0.798268 0.457805 0.471948 1.20755 1.21697 1.213 -1.4252 
330000000 0.0238103 0.00114312 -0.449357 0.866429 -1.46694 -1.44674 0.781931 0.813766 -0.797917 0.798282 0.457761 0.47175 1.20756 1.21691 1.21298 -1.42306 
350000000 0.0238613 0.00113848 -0.449191 0.861967 -1.46702 -1.44706 0.781749 0.813178 -0.79793 0.798296 0.457717 0.471555 1.20758 1.21684 1.21296 -1.42094 
370000000 0.0239109 0.00113383 -0.449023 0.857549 -1.46709 -1.44737 0.781567 0.812597 -0.797943 0.79831 0.457673 0.471362 1.20759 1.21678 1.21295 -1.41883 
390000000 0.0239608 0.00112914 -0.44886 0.853175 -1.46716 -1.44769 0.781389 0.812023 -0.797956 0.798324 0.457631 0.471172 1.2076 1.21672 1.21293 -1.41675 
410000000 0.0240107 0.0011244 -0.448696 0.848844 -1.46724 -1.448 0.78121 0.811455 -0.797969 0.798337 0.457587 0.470984 1.20762 1.21666 1.21291 -1.41469 
430000000 0.0240601 0.00111961 -0.448536 0.844556 -1.46731 -1.4483 0.781037 0.810893 -0.797982 0.79835 0.457546 0.470798 1.20763 1.2166 1.2129 -1.41265 
450000000 0.0241105 0.00111478 -0.448376 0.84031 -1.46738 -1.44861 0.780862 0.810339 -0.797995 0.798363 0.457503 0.470615 1.20764 1.21654 1.21288 -1.41063 
470000000 0.0241597 0.00110991 -0.448219 0.836107 -1.46746 -1.44891 0.780692 0.80979 -0.798007 0.798375 0.457463 0.470434 1.20765 1.21648 1.21286 -1.40863 
490000000 0.0242104 0.00110501 -0.448063 0.831944 -1.46753 -1.4492 0.780519 0.809248 -0.79802 0.798387 0.457421 0.470256 1.20767 1.21642 1.21285 -1.40665 
510000000 0.0242591 0.00110011 -0.447907 0.827824 -1.4676 -1.4495 0.780351 0.808712 -0.798033 0.798399 0.457381 0.47008 1.20768 1.21636 1.21283 -1.40469 
530000000 0.0243105 0.0010951 -0.447755 0.823743 -1.46767 -1.44979 0.780185 0.808183 -0.798044 0.798411 0.457341 0.469906 1.20769 1.21631 1.21282 -1.40274 
550000000 0.0243609 0.00109013 -0.447602 0.819703 -1.46774 -1.45007 0.780019 0.807659 -0.798056 0.798423 0.457301 0.469734 1.2077 1.21625 1.2128 -1.40082 
570000000 0.0244109 0.00108511 -0.447453 0.815703 -1.4678 -1.45036 0.779858 0.807142 -0.798067 0.798434 0.457262 0.469564 1.20772 1.21619 1.21279 -1.39892 
590000000 0.0244619 0.00108011 -0.447303 0.811743 -1.46787 -1.45064 0.779694 0.80663 -0.798079 0.798445 0.457223 0.469397 1.20773 1.21614 1.21277 -1.39703 
610000000 0.0245109 0.00107515 -0.447155 0.807822 -1.46794 -1.45091 0.779533 0.806125 -0.798091 0.798455 0.457184 0.469232 1.20774 1.21608 1.21276 -1.39517 
630000000 0.0245623 0.00107008 -0.44701 0.803939 -1.468 -1.45119 0.779376 0.805625 -0.798102 0.798466 0.457146 0.469068 1.20775 1.21603 1.21274 -1.39332 
650000000 0.0246131 0.00106507 -0.446865 0.800096 -1.46807 -1.45146 0.779218 0.805132 -0.798113 0.798476 0.457108 0.468907 1.20776 1.21598 1.21273 -1.39149 
670000000 0.024663 0.00106008 -0.446723 0.79629 -1.46813 -1.45173 0.779065 0.804644 -0.798124 0.798486 0.457071 0.468748 1.20777 1.21592 1.21271 -1.38968 
690000000 0.024714 0.00105511 -0.446581 0.792521 -1.4682 -1.45199 0.778909 0.804162 -0.798135 0.798495 0.457034 0.468591 1.20779 1.21587 1.2127 -1.38789 
710000000 0.0247633 0.00105021 -0.446441 0.78879 -1.46826 -1.45226 0.778757 0.803685 -0.798147 0.798505 0.456997 0.468436 1.2078 1.21582 1.21268 -1.38611 
730000000 0.024815 0.00104522 -0.446303 0.785096 -1.46832 -1.45252 0.778608 0.803214 -0.798157 0.798514 0.456961 0.468282 1.20781 1.21577 1.21267 -1.38436 
750000000 0.024866 0.00104034 -0.446165 0.781439 -1.46838 -1.45277 0.778458 0.802749 -0.798167 0.798523 0.456925 0.46813 1.20782 1.21572 1.21266 -1.38262 
770000000 0.0249162 0.00103551 -0.446029 0.777818 -1.46844 -1.45303 0.778313 0.802289 -0.798177 0.798532 0.45689 0.467981 1.20783 1.21567 1.21264 -1.3809 
790000000 0.0249679 0.0010307 -0.445894 0.774232 -1.46851 -1.45328 0.778165 0.801834 -0.798187 0.79854 0.456854 0.467833 1.20784 1.21562 1.21263 -1.37919 
810000000 0.0251295 0.00102597 -0.445753 0.770683 -1.46857 -1.45352 0.778007 0.801384 -0.798199 0.798549 0.456818 0.467686 1.20785 1.21558 1.21261 -1.37751 
830000000 0.0237461 0.00102125 -0.445621 0.767167 -1.46863 -1.45377 0.777862 0.80094 -0.798209 0.798557 0.456783 0.467542 1.20786 1.21553 1.2126 -1.37584 
850000000 0.0237792 0.00101657 -0.445495 0.763687 -1.46869 -1.45401 0.777722 0.800502 -0.79822 0.798565 0.45675 0.467399 1.20787 1.21548 1.21259 -1.37419 
870000000 0.0238296 0.00101198 -0.445367 0.760241 -1.46875 -1.45425 0.777582 0.800069 -0.79823 0.798572 0.456717 0.467257 1.20788 1.21544 1.21257 -1.37255 
890000000 0.0238792 0.00100744 -0.445243 0.75683 -1.4688 -1.45449 0.777447 0.799641 -0.79824 0.79858 0.456685 0.467117 1.20789 1.21539 1.21256 -1.37094 
910000000 0.0239304 0.00100295 -0.445119 0.753452 -1.46886 -1.45472 0.777308 0.799218 -0.798252 0.798587 0.456652 0.466979 1.2079 1.21535 1.21255 -1.36934 
930000000 0.0239808 0.000998544 -0.444997 0.750108 -1.46892 -1.45495 0.777172 0.798801 -0.798263 0.798594 0.456619 0.466842 1.20791 1.2153 1.21253 -1.36775 
950000000 0.0240306 0.000994172 -0.444877 0.746797 -1.46897 -1.45518 0.777042 0.798389 -0.798273 0.7986 0.456588 0.466707 1.20792 1.21526 1.21252 -1.36618 
970000000 0.0240819 0.00098984 -0.444757 0.743519 -1.46903 -1.45541 0.776907 0.797982 -0.798284 0.798607 0.456556 0.466573 1.20793 1.21522 1.21251 -1.36463 
990000000 0.0241326 0.000985585 -0.444638 0.740273 -1.46908 -1.45563 0.776775 0.79758 -0.798294 0.798613 0.456525 0.466441 1.20794 1.21518 1.21249 -1.3631 
10000000 0.0241819 0.000981401 -0.44452 0.737059 -1.46914 -1.45585 0.776645 0.797183 -0.798305 0.798619 0.456494 0.46631 1.20795 1.21513 1.21248 -1.36158 
30000000 0.0242334 0.00097717 -0.444406 0.733877 -1.46919 -1.45607 0.776518 0.796792 -0.798315 0.798625 0.456464 0.46618 1.20796 1.21509 1.21247 -1.36008 
50000000 0.0242843 0.000973017 -0.44429 0.730727 -1.46925 -1.45628 0.77639 0.796406 -0.798325 0.798631 0.456433 0.466052 1.20797 1.21506 1.21246 -1.35859 
70000000 0.0243353 0.000968864 -0.444175 0.727607 -1.4693 -1.45649 0.776263 0.796026 -0.798335 0.798636 0.456403 0.465925 1.20798 1.21502 1.21244 -1.35712 
90000000 0.0243855 0.000964731 -0.444064 0.724518 -1.46935 -1.4567 0.77614 0.795652 -0.798344 0.798641 0.456374 0.4658 1.20798 1.21498 1.21243 -1.35567 
110000000 0.0244364 0.000960281 -0.443953 0.72146 -1.4694 -1.45691 0.776016 0.795284 -0.798355 0.798646 0.456344 0.465675 1.20799 1.21494 1.21242 -1.35424 
130000000 0.0244872 0.000957744 -0.443842 0.718431 -1.46945 -1.45711 0.775893 0.794923 -0.798364 0.798649 0.456315 0.465553 1.208 1.21491 1.21241 -1.35282 
150000000 0.0245376 0.000955509 -0.443734 0.715431 -1.4695 -1.4573 0.775774 0.794572 -0.798373 0.798653 0.456287 0.465432 1.20801 1.21488 1.2124 -1.35142 
170000000 0.024589 0.00095285 -0.443628 0.712456 -1.46955 -1.4575 0.775653 0.794237 -0.798383 0.798657 0.456258 0.465314 1.20802 1.21485 1.21239 -1.35004 
190000000 0.0246407 0.000947438 -0.44352 0.709511 -1.4696 -1.45769 0.775533 0.793909 -0.798392 0.798662 0.456229 0.4652 1.20803 1.21482 1.21238 -1.34867 
210000000 0.0246911 0.000941618 -0.443417 0.706593 -1.46965 -1.45788 0.775419 0.793585 -0.7984 0.798667 0.456203 0.465088 1.20804 1.2148 1.21237 -1.34732 
230000000 0.0247433 0.00093636 -0.443312 0.703705 -1.4697 -1.45806 0.7753 0.793266 -0.79841 0.798672 0.456174 0.464978 1.20804 1.21477 1.21235 -1.34598 
250000000 0.0247948 0.000932129 -0.443208 0.700844 -1.46974 -1.45825 0.775184 0.792953 -0.798419 0.798677 0.456146 0.464871 1.20805 1.21475 1.21234 -1.34465 
270000000 0.0248466 0.000924094 -0.443105 0.698012 -1.46979 -1.45843 0.77507 0.792642 -0.798427 0.798682 0.456119 0.464766 1.20806 1.21472 1.21233 -1.34334 
290000000 0.0248976 0.00091893 -0.443006 0.695207 -1.46984 -1.45861 0.774959 0.792338 -0.798435 0.798687 0.456093 0.464662 1.20807 1.2147 1.21232 -1.34204 
310000000 0.0249498 0.000911468 -0.442905 0.692431 -1.46988 -1.45879 0.774846 0.792036 -0.798444 0.798692 0.456066 0.464562 1.20808 1.21467 1.21231 -1.34075 
330000000 0.0250019 0.000905914 -0.442805 0.68968 -1.46993 -1.45896 0.774735 0.791741 -0.798452 0.798698 0.456039 0.464463 1.20809 1.21465 1.2123 -1.33948 
350000000 0.0237992 0.000898486 -0.442695 0.68696 -1.46998 -1.45913 0.774611 0.791449 -0.798462 0.798703 0.456012 0.464365 1.20809 1.21463 1.21229 -1.33821 
370000000 0.0237641 0.00089094 -0.442602 0.684263 -1.47002 -1.45931 0.774505 0.791161 -0.79847 0.798708 0.455987 0.464271 1.2081 1.21461 1.21228 -1.33696 
390000000 0.0238148 0.000883546 -0.442508 0.681592 -1.47007 -1.45948 0.774398 0.790877 -0.798479 0.798714 0.455962 0.464178 1.20811 1.21459 1.21227 -1.33572 
410000000 0.0238661 0.000876656 -0.442415 0.678949 -1.47011 -1.45965 0.774292 0.790598 -0.798488 0.798719 0.455937 0.464087 1.20812 1.21457 1.21226 -1.3345 
430000000 0.0239177 0.000868753 -0.442323 0.67633 -1.47015 -1.45981 0.774188 0.790323 -0.798497 0.798725 0.455912 0.463998 1.20812 1.21455 1.21224 -1.33328 
450000000 0.0239687 0.000860849 -0.442234 0.673737 -1.4702 -1.45998 0.774088 0.790052 -0.798505 0.79873 0.455889 0.463911 1.20813 1.21453 1.21224 -1.33208 
470000000 0.0240206 0.000852974 -0.442144 0.671171 -1.47024 -1.46014 0.773984 0.789785 -0.798514 0.798736 0.455864 0.463825 1.20814 1.21451 1.21222 -1.33089 
490000000 0.0240724 0.000844525 -0.442055 0.668628 -1.47028 -1.4603 0.773882 0.789521 -0.798523 0.798741 0.45584 0.463742 1.20814 1.21449 1.21221 -1.32971 
510000000 0.0241241 0.000835922 -0.441967 0.666111 -1.47032 -1.46046 0.773782 0.789262 -0.798532 0.798747 0.455816 0.46366 1.20815 1.21447 1.2122 -1.32854 
530000000 0.024175 0.000827863 -0.441881 0.663617 -1.47036 -1.46062 0.773686 0.789008 -0.79854 0.798753 0.455794 0.463579 1.20816 1.21446 1.2122 -1.32739 
550000000 0.0242272 0.000820386 -0.441795 0.661148 -1.4704 -1.46077 0.773587 0.788758 -0.798549 0.79876 0.455771 0.463501 1.20816 1.21444 1.21219 -1.32625 
570000000 0.0242795 0.00081034 -0.441709 0.658704 -1.47044 -1.46093 0.773489 0.788511 -0.798557 0.798765 0.455748 0.463425 1.20817 1.21442 1.21218 -1.32511 
590000000 0.0243317 0.000801184 -0.441623 0.656283 -1.47048 -1.46108 0.773393 0.788268 -0.798565 0.798771 0.455725 0.46335 1.20818 1.21441 1.21217 -1.32399 
610000000 0.0243823 0.000792235 -0.441539 0.653886 -1.47052 -1.46123 0.773297 0.788029 -0.798573 0.798778 0.455702 0.463278 1.20818 1.21439 1.21216 -1.32288 
630000000 0.0244351 0.000782442 -0.441457 0.651512 -1.47056 -1.46138 0.773206 0.787793 -0.79858 0.798783 0.455681 0.463206 1.20819 1.21438 1.21215 -1.32178 
650000000 0.0244873 0.000774426 -0.441375 0.649161 -1.4706 -1.46153 0.773112 0.787562 -0.798588 0.79879 0.455658 0.463137 1.2082 1.21437 1.21214 -1.32069 
670000000 0.02454 0.000763322 -0.441292 0.646833 -1.47064 -1.46167 0.773019 0.787335 -0.798596 0.798796 0.455636 0.463069 1.2082 1.21435 1.21213 -1.31961 
690000000 0.0245923 0.000753997 -0.44121 0.644529 -1.47068 -1.46182 0.772927 0.78711 -0.798603 0.798803 0.455614 0.463003 1.20821 1.21434 1.21212 -1.31854 
710000000 0.0246436 0.000743589 -0.441131 0.642247 -1.47071 -1.46196 0.772841 0.786889 -0.79861 0.798809 0.455594 0.462938 1.20821 1.21433 1.21212 -1.31749 
730000000 0.0246968 0.000732932 -0.44105 0.639986 -1.47075 -1.4621 0.77275 0.786671 -0.798617 0.798815 0.455572 0.462875 1.20822 1.21431 1.21211 -1.31644 
750000000 0.0247495 0.000722727 -0.440971 0.637748 -1.47079 -1.46224 0.77266 0.786458 -0.798624 0.798822 0.455551 0.462814 1.20823 1.2143 1.2121 -1.3154 
770000000 0.024802 0.000713758 -0.440892 0.635531 -1.47082 -1.46238 0.772572 0.786248 -0.798631 0.79883 0.45553 0.462754 1.20823 1.21429 1.21209 -1.31438 
790000000 0.0248544 0.000701808 -0.440814 0.633337 -1.47086 -1.46251 0.772485 0.786041 -0.798638 0.798835 0.455509 0.462695 1.20824 1.21428 1.21208 -1.31336 
810000000 0.0249063 0.000690868 -0.440739 0.631163 -1.47089 -1.46264 0.772403 0.785836 -0.798644 0.798843 0.45549 0.462639 1.20825 1.21427 1.21208 -1.31235 
830000000 0.0249596 0.00067979 -0.440661 0.629012 -1.47093 -1.46278 0.772316 0.785636 -0.79865 0.79885 0.455469 0.462583 1.20825 1.21426 1.21207 -1.31135 
850000000 0.0253267 0.00066872 -0.440581 0.62688 -1.47096 -1.46291 0.772224 0.785438 -0.798657 0.798858 0.455448 0.462528 1.20826 1.21425 1.21206 -1.31037 
870000000 0.0237592 0.000656965 -0.440503 0.624769 -1.471 -1.46304 0.772134 0.785245 -0.798665 0.798866 0.455427 0.462475 1.20826 1.21425 1.21205 -1.30939 
890000000 0.0237763 0.000645379 -0.440433 0.622675 -1.47104 -1.46317 0.772052 0.785054 -0.798672 0.798874 0.455408 0.462423 1.20827 1.21424 1.21204 -1.30843 
910000000 0.0238285 0.000633662 -0.440362 0.620605 -1.47107 -1.4633 0.771971 0.784866 -0.798679 0.798882 0.455389 0.462372 1.20828 1.21423 1.21203 -1.30747 
930000000 0.0238795 0.000621873 -0.440292 0.618556 -1.4711 -1.46342 0.771891 0.784682 -0.798686 0.79889 0.45537 0.462322 1.20828 1.21422 1.21202 -1.30652 
950000000 0.0239324 0.000609652 -0.440225 0.616526 -1.47113 -1.46355 0.771815 0.7845 -0.798693 0.798898 0.455353 0.462274 1.20828 1.21422 1.21202 -1.30559 
970000000 0.023985 0.000597859 -0.440157 0.614515 -1.47117 -1.46367 0.771736 0.784322 -0.798701 0.798906 0.455334 0.462227 1.20829 1.21421 1.21201 -1.30466 
990000000 0.0240376 0.000585679 -0.44009 0.612523 -1.4712 -1.46379 0.771658 0.784147 -0.798708 0.798915 0.455316 0.462181 1.20829 1.21421 1.212 -1.30374 
10000000 0.0240899 0.000574465 -0.440023 0.61055 -1.47123 -1.46391 0.771582 0.783975 -0.798715 0.798924 0.455298 0.462137 1.2083 1.2142 1.21199 -1.30283 
30000000 0.0241429 0.000560143 -0.439957 0.608598 -1.47126 -1.46403 0.771506 0.783804 -0.798723 0.798932 0.45528 0.462095 1.2083 1.2142 1.21198 -1.30192 
50000000 0.0241947 0.000547666 -0.439894 0.606662 -1.47129 -1.46415 0.771435 0.783638 -0.798729 0.79894 0.455264 0.462053 1.20831 1.21419 1.21198 -1.30103 
70000000 0.0242477 0.000534862 -0.43983 0.604747 -1.47133 -1.46426 0.771359 0.783475 -0.798736 0.798948 0.455246 0.462013 1.20831 1.21419 1.21197 -1.30015 
90000000 0.0243005 0.000522108 -0.439766 0.60285 -1.47136 -1.46438 0.771285 0.783313 -0.798743 0.798958 0.455228 0.461974 1.20832 1.21418 1.21196 -1.29927 
110000000 0.0243531 0.000508552 -0.439702 0.600972 -1.47139 -1.46449 0.771212 0.783154 -0.79875 0.798966 0.455211 0.461937 1.20832 1.21418 1.21195 -1.2984 
130000000 0.0244063 0.000495718 -0.439636 0.599115 -1.47142 -1.46461 0.77114 0.783 -0.798757 0.798975 0.455194 0.461899 1.20833 1.21418 1.21195 -1.29755 
150000000 0.0244578 0.000482918 -0.439572 0.597274 -1.47145 -1.46472 0.771069 0.782847 -0.798764 0.798985 0.455178 0.461864 1.20833 1.21418 1.21194 -1.2967 
170000000 0.0245113 0.000469252 -0.43951 0.595452 -1.47148 -1.46483 0.771001 0.782697 -0.798769 0.798993 0.455162 0.461828 1.20834 1.21417 1.21193 -1.29586 
190000000 0.0245649 0.000456936 -0.439443 0.593651 -1.47151 -1.46493 0.77093 0.78255 -0.798775 0.799003 0.455145 0.461795 1.20834 1.21417 1.21193 -1.29502 
210000000 0.0246178 0.000441853 -0.439382 0.591864 -1.47154 -1.46504 0.77086 0.782404 -0.798781 0.799012 0.455128 0.461763 1.20835 1.21417 1.21192 -1.2942 
230000000 0.024671 0.00042971 -0.439319 0.590096 -1.47156 -1.46515 0.770791 0.782262 -0.798787 0.799022 0.455112 0.461731 1.20835 1.21417 1.21191 -1.29338 
250000000 0.0247239 0.000414271 -0.439257 0.588343 -1.47159 -1.46525 0.770723 0.782121 -0.798793 0.79903 0.455096 0.461701 1.20836 1.21417 1.21191 -1.29257 
270000000 0.0247773 0.000401804 -0.439197 0.586606 -1.47162 -1.46536 0.770656 0.781983 -0.798798 0.799041 0.455079 0.461671 1.20836 1.21417 1.2119 -1.29177 
290000000 0.0248296 0.000386536 -0.439134 0.584893 -1.47165 -1.46546 0.770592 0.781849 -0.798803 0.799049 0.455065 0.461643 1.20836 1.21417 1.2119 -1.29098 
310000000 0.0248832 0.00037284 -0.439073 0.583192 -1.47168 -1.46556 0.770526 0.781716 -0.798809 0.799059 0.455049 0.461616 1.20837 1.21417 1.21189 -1.2902 
330000000 0.0249367 0.000358272 -0.439013 0.581509 -1.4717 -1.46566 0.77046 0.781586 -0.798814 0.799068 0.455033 0.46159 1.20837 1.21417 1.21189 -1.28942 
350000000 0.0249902 0.000343883 -0.438952 0.579843 -1.47173 -1.46576 0.770395 0.781457 -0.79882 0.799078 0.455017 0.461565 1.20838 1.21417 1.21188 -1.28865 
370000000 0.0239149 0.000330659 -0.438885 0.57819 -1.47176 -1.46586 0.770316 0.781331 -0.798826 0.799089 0.455001 0.46154 1.20838 1.21417 1.21187 -1.28789 
390000000 0.0237583 0.000314778 -0.438829 0.576555 -1.47179 -1.46595 0.770253 0.781208 -0.798832 0.799097 0.454986 0.461517 1.20839 1.21417 1.21186 -1.28713 
410000000 0.0238087 0.000300365 -0.438772 0.574938 -1.47182 -1.46605 0.770191 0.781086 -0.798838 0.799108 0.454972 0.461494 1.20839 1.21418 1.21186 -1.28639 
430000000 0.0238602 0.000286956 -0.438717 0.573335 -1.47184 -1.46615 0.77013 0.780967 -0.798844 0.799118 0.454958 0.461472 1.20839 1.21418 1.21185 -1.28565 
450000000 0.0239137 0.000270931 -0.438664 0.571748 -1.47187 -1.46624 0.770073 0.78085 -0.798849 0.799127 0.454945 0.461451 1.2084 1.21418 1.21184 -1.28491 
470000000 0.0239669 0.000255736 -0.43861 0.570175 -1.47189 -1.46633 0.770012 0.780735 -0.798855 0.799137 0.454931 0.461432 1.2084 1.21418 1.21184 -1.28419 
490000000 0.0240203 0.000240685 -0.438555 0.568621 -1.47192 -1.46642 0.769952 0.780622 -0.798861 0.799147 0.454916 0.461413 1.20841 1.21419 1.21183 -1.28347 
510000000 0.0240733 0.000225856 -0.438502 0.567081 -1.47194 -1.46651 0.769893 0.780511 -0.798867 0.799158 0.454903 0.461395 1.20841 1.21419 1.21183 -1.28276 
530000000 0.0241262 0.000211553 -0.438449 0.565554 -1.47197 -1.4666 0.769835 0.780402 -0.798873 0.799168 0.454889 0.461377 1.20841 1.21419 1.21182 -1.28205 
550000000 0.0241794 0.000195158 -0.438396 0.564044 -1.47199 -1.46669 0.769777 0.780295 -0.798879 0.799177 0.454875 0.46136 1.20842 1.2142 1.21182 -1.28136 
570000000 0.0242326 0.00017981 -0.438344 0.562548 -1.47202 -1.46678 0.76972 0.78019 -0.798884 0.799187 0.454862 0.461345 1.20842 1.2142 1.21181 -1.28067 
590000000 0.0242848 0.000164642 -0.438292 0.561067 -1.47204 -1.46686 0.769664 0.780087 -0.79889 0.799198 0.454849 0.46133 1.20842 1.2142 1.21181 -1.27998 
610000000 0.0243385 0.00014859 -0.438244 0.559596 -1.47206 -1.46695 0.769611 0.779984 -0.798894 0.799208 0.454837 0.461316 1.20843 1.21421 1.2118 -1.27931 
630000000 0.0243922 0.000133687 -0.438194 0.558142 -1.47209 -1.46704 0.769555 0.779885 -0.798899 0.799219 0.454824 0.461301 1.20843 1.21421 1.2118 -1.27864 
650000000 0.0244456 0.00011758 -0.438143 0.556704 -1.47211 -1.46712 0.7695 0.779787 -0.798905 0.799229 0.45481 0.461289 1.20843 1.21422 1.21179 -1.27797 
670000000 0.0244992 0.000101511 -0.438093 0.55528 -1.47214 -1.4672 0.769445 0.779691 -0.79891 0.799239 0.454798 0.461278 1.20844 1.21422 1.21178 -1.27731 
690000000 0.0245523 8.54056e-05 -0.438043 0.553869 -1.47216 -1.46728 0.769391 0.779597 -0.798915 0.79925 0.454785 0.461268 1.20844 1.21423 1.21178 -1.27666 
710000000 0.024606 6.92781e-05 -0.437994 0.552471 -1.47218 -1.46736 0.769338 0.779504 -0.79892 0.799261 0.454772 0.461258 1.20844 1.21423 1.21178 -1.27602 
730000000 0.0246599 5.31641e-05 -0.437943 0.551088 -1.47221 -1.46744 0.769285 0.779413 -0.798924 0.799271 0.454759 0.461248 1.20845 1.21424 1.21177 -1.27538 
750000000 0.0247137 3.69745e-05 -0.437893 0.549719 -1.47223 -1.46752 0.769233 0.779324 -0.798929 0.799282 0.454747 0.461239 1.20845 1.21424 1.21177 -1.27475 
770000000 0.0247661 2.08226e-05 -0.437843 0.548363 -1.47225 -1.4676 0.769182 0.779236 -0.798933 0.799292 0.454735 0.46123 1.20845 1.21425 1.21176 -1.27412 
790000000 0.0248202 4.53209e-06 -0.437797 0.547019 -1.47227 -1.46768 0.769134 0.77915 -0.798936 0.799303 0.454723 0.461222 1.20846 1.21426 1.21176 -1.2735 
810000000 0.0248743 0.00101288 -0.43775 0.54569 -1.47229 -1.46776 0.769082 0.779058 -0.79894 0.799313 0.454711 0.461218 1.20846 1.21426 1.21175 -1.27288 
830000000 0.0249281 0.00144104 -0.437703 0.544372 -1.47231 -1.46783 0.769031 0.778975 -0.798945 0.799322 0.454699 0.461213 1.20846 1.21427 1.21175 -1.27226 
850000000 0.0249818 0.00142967 -0.437655 0.543068 -1.47234 -1.4679 0.768981 0.778895 -0.798949 0.799332 0.454687 0.461209 1.20847 1.21427 1.21175 -1.27166 
870000000 0.02411 0.00141322 -0.437601 0.541775 -1.47236 -1.46798 0.768917 0.778816 -0.798955 0.799343 0.454674 0.461205 1.20847 1.21428 1.21174 -1.27106 
890000000 0.0237536 0.00139672 -0.437557 0.540495 -1.47238 -1.46805 0.768868 0.778739 -0.79896 0.799353 0.454663 0.461201 1.20847 1.21429 1.21173 -1.27047 
910000000 0.0238021 0.00138015 -0.437515 0.539227 -1.47241 -1.46812 0.768821 0.778664 -0.798965 0.799364 0.454652 0.461198 1.20848 1.21429 1.21173 -1.26989 
930000000 0.0238554 0.00136293 -0.437473 0.537972 -1.47243 -1.46819 0.768774 0.778589 -0.79897 0.799374 0.454641 0.461195 1.20848 1.2143 1.21172 -1.26931 
950000000 0.023909 0.00134614 -0.43743 0.53673 -1.47245 -1.46826 0.768728 0.778517 -0.798975 0.799384 0.45463 0.461194 1.20848 1.21431 1.21172 -1.26873 
970000000 0.0239626 0.00132903 -0.437389 0.5355 -1.47247 -1.46833 0.768682 0.778446 -0.79898 0.799395 0.45462 0.461192 1.20848 1.21432 1.21171 -1.26816 
990000000 0.0240149 0.00131224 -0.43735 0.534281 -1.47249 -1.4684 0.76864 0.778376 -0.798984 0.799405 0.454611 0.461192 1.20849 1.21432 1.21171 -1.2676 
10000000 0.0240687 0.00129599 -0.437309 0.533074 -1.47251 -1.46847 0.768595 0.778307 -0.798989 0.799417 0.4546 0.461192 1.20849 1.21433 1.21171 -1.26704 
30000000 0.0241224 0.00127768 -0.437269 0.531879 -1.47253 -1.46854 0.76855 0.77824 -0.798994 0.799427 0.45459 0.461193 1.20849 1.21434 1.2117 -1.26649 
50000000 0.0241763 0.00126006 -0.437229 0.530696 -1.47255 -1.4686 0.768506 0.778174 -0.798999 0.799437 0.454579 0.461194 1.20849 1.21435 1.2117 -1.26594 
70000000 0.02423 0.00124302 -0.437188 0.529525 -1.47257 -1.46867 0.768462 0.77811 -0.799003 0.799448 0.454569 0.461195 1.2085 1.21436 1.21169 -1.2654 
90000000 0.0242838 0.00122542 -0.437148 0.528364 -1.47259 -1.46873 0.768419 0.778046 -0.799007 0.799458 0.454559 0.461197 1.2085 1.21436 1.21169 -1.26486 
110000000 0.0243378 0.00120893 -0.437108 0.527215 -1.47261 -1.4688 0.768376 0.777983 -0.799011 0.79947 0.454548 0.461199 1.2085 1.21437 1.21169 -1.26433 
130000000 0.0243917 0.0011903 -0.437069 0.526078 -1.47263 -1.46886 0.768333 0.777922 -0.799015 0.79948 0.454538 0.461202 1.20851 1.21438 1.21168 -1.26381 
150000000 0.0244454 0.00117227 -0.43703 0.524951 -1.47265 -1.46892 0.768291 0.777862 -0.79902 0.79949 0.454528 0.461205 1.20851 1.21439 1.21168 -1.26329 
170000000 0.0244993 0.0011545 -0.436991 0.523835 -1.47266 -1.46899 0.768249 0.777803 -0.799023 0.799501 0.454518 0.461208 1.20851 1.2144 1.21167 -1.26277 
190000000 0.0245534 0.00113679 -0.436952 0.522731 -1.47268 -1.46905 0.768208 0.777746 -0.799027 0.799511 0.454509 0.461212 1.20851 1.21441 1.21167 -1.26226 
210000000 0.0246076 0.00112031 -0.436914 0.521637 -1.4727 -1.46911 0.768167 0.777689 -0.799031 0.799523 0.454499 0.461216 1.20852 1.21442 1.21167 -1.26175 
230000000 0.0246604 0.00110086 -0.436876 0.520554 -1.47272 -1.46917 0.768127 0.777633 -0.799035 0.799533 0.454489 0.461221 1.20852 1.21443 1.21166 -1.26125 
250000000 0.0247148 0.0010828 -0.43684 0.519482 -1.47274 -1.46923 0.76809 0.777579 -0.799037 0.799543 0.454481 0.461226 1.20852 1.21444 1.21166 -1.26076 
270000000 0.024769 0.00106607 -0.436803 0.518419 -1.47275 -1.46929 0.76805 0.777525 -0.799041 0.799555 0.454471 0.461231 1.20852 1.21445 1.21166 -1.26027 
290000000 0.0248237 0.00104694 -0.436765 0.517367 -1.47277 -1.46935 0.76801 0.777473 -0.799044 0.799565 0.454462 0.461237 1.20853 1.21446 1.21166 -1.25978 
310000000 0.0248778 0.00102872 -0.436729 0.516326 -1.47279 -1.4694 0.767971 0.777421 -0.799048 0.799576 0.454452 0.461242 1.20853 1.21446 1.21165 -1.2593 
330000000 0.0249322 0.00101034 -0.436692 0.515295 -1.47281 -1.46946 0.767933 0.777371 -0.799051 0.799586 0.454443 0.461248 1.20853 1.21447 1.21165 -1.25882 
350000000 0.0249864 0.000993512 -0.436655 0.514274 -1.47282 -1.46952 0.767894 0.777321 -0.799054 0.799598 0.454433 0.461253 1.20853 1.21448 1.21165 -1.25835 
370000000 0.0240302 0.000973604 -0.436611 0.513264 -1.47284 -1.46957 0.767842 0.777271 -0.799058 0.799609 0.454423 0.461261 1.20854 1.21449 1.21164 -1.25788 
390000000 0.0237563 0.000955579 -0.436577 0.512263 -1.47286 -1.46963 0.767805 0.777224 -0.799061 0.799619 0.454415 0.461267 1.20854 1.2145 1.21164 -1.25742 
410000000 0.023806 0.000938221 -0.436544 0.511271 -1.47288 -1.46968 0.767769 0.777177 -0.799065 0.799631 0.454406 0.461274 1.20854 1.21451 1.21163 -1.25697 
430000000 0.0238601 0.000918239 -0.436512 0.51029 -1.47289 -1.46974 0.767733 0.777131 -0.799069 0.799641 0.454398 0.461282 1.20854 1.21452 1.21163 -1.25651 
450000000 0.0239137 0.000899644 -0.436481 0.509318 -1.47291 -1.46979 0.767698 0.777086 -0.799073 0.799652 0.45439 0.461289 1.20855 1.21453 1.21162 -1.25606 
470000000 0.0239678 0.000881315 -0.436449 0.508356 -1.47293 -1.46984 0.767663 0.777042 -0.799077 0.799663 0.454381 0.461297 1.20855 1.21454 1.21162 -1.25562 
490000000 0.0240218 0.000862564 -0.436418 0.507403 -1.47294 -1.46989 0.767628 0.776999 -0.799081 0.799674 0.454373 0.461305 1.20855 1.21456 1.21162 -1.25518 
510000000 0.0240759 0.000844751 -0.436386 0.506459 -1.47296 -1.46995 0.767594 0.776956 -0.799085 0.799685 0.454365 0.461314 1.20855 1.21457 1.21162 -1.25474 
530000000 0.02413 0.000825218 -0.436355 0.505525 -1.47297 -1.47 0.76756 0.776915 -0.799088 0.799696 0.454357 0.461322 1.20855 1.21458 1.21161 -1.25431 
550000000 0.0241842 0.000805888 -0.436324 0.5046 -1.47299 -1.47005 0.767526 0.776874 -0.799092 0.799706 0.454349 0.461331 1.20856 1.21459 1.21161 -1.25388 
570000000 0.0242368 0.000786973 -0.436293 0.503684 -1.473 -1.4701 0.767494 0.776833 -0.799095 0.799717 0.454342 0.461341 1.20856 1.2146 1.21161 -1.25346 
590000000 0.0242912 0.000767471 -0.436262 0.502777 -1.47302 -1.47015 0.767461 0.776795 -0.799099 0.799728 0.454334 0.461351 1.20856 1.21461 1.2116 -1.25304 
610000000 0.0243455 0.0007497 -0.436234 0.501879 -1.47303 -1.4702 0.767431 0.776756 -0.799101 0.79974 0.454327 0.461361 1.20856 1.21462 1.2116 -1.25263 
