Time gripper_l_joint gripper_r_joint yumi_joint_1_l yumi_joint_1_r yumi_joint_2_l yumi_joint_2_r yumi_joint_3_l yumi_joint_3_r yumi_joint_4_l yumi_joint_4_r yumi_joint_5_l yumi_joint_5_r yumi_joint_6_l yumi_joint_6_r yumi_joint_7_l yumi_joint_7_r 
24.566000000 0.0240708 0.0134254 -0.4463 0.376455 -1.46793 -1.50565 0.778138 0.76156 -0.79829 0.865758 0.456848 0.481366 1.2066 1.22731 1.21141 -1.19359 
24.586000000 0.0241249 0.0134915 -0.446434 0.369541 -1.46787 -1.50942 0.778273 0.787474 -0.798283 0.866402 0.456881 0.481754 1.20659 1.22734 1.21142 -1.19572 
24.606000000 0.0241771 0.0135548 -0.446557 0.367298 -1.46782 -1.52151 0.778413 0.831136 -0.798276 0.869292 0.456915 0.494168 1.20658 1.22737 1.21144 -1.21136 
24.626000000 0.024229 0.0136226 -0.446689 0.381278 -1.46777 -1.52366 0.778554 0.858308 -0.798268 0.870007 0.45695 0.498972 1.20657 1.2274 1.21145 -1.24569 
24.646000000 0.0242817 0.0137065 -0.44682 0.372248 -1.46771 -1.53164 0.778693 0.904496 -0.798261 0.871968 0.456983 0.510465 1.20656 1.22742 1.21146 -1.26459 
24.666000000 0.0243329 0.0137589 -0.446941 0.34349 -1.46766 -1.5425 0.778833 0.954698 -0.798253 0.873618 0.457017 0.526528 1.20655 1.22744 1.21147 -1.25506 
24.686000000 0.0243853 0.0138337 -0.447068 0.337947 -1.4676 -1.55407 0.778972 0.99462 -0.798244 0.875287 0.457051 0.542098 1.20654 1.22745 1.21149 -1.26874 
24.706000000 0.0244394 0.0138874 -0.44719 0.325306 -1.46755 -1.5752 0.779109 1.04089 -0.798237 0.876261 0.457084 0.560276 1.20653 1.22746 1.2115 -1.27545 
24.726000000 0.0244915 0.013946 -0.447313 0.299723 -1.46749 -1.6021 0.77925 1.09702 -0.798228 0.877511 0.457118 0.585178 1.20651 1.22747 1.21151 -1.2791 
24.746000000 0.0245427 0.0140039 -0.447439 0.30409 -1.46744 -1.6088 0.779387 1.13277 -0.79822 0.877666 0.457151 0.576995 1.2065 1.22747 1.21152 -1.30863 
24.766000000 0.0245956 0.0140587 -0.447562 0.293122 -1.46738 -1.62155 0.779523 1.18828 -0.798213 0.878057 0.457184 0.588834 1.20649 1.22748 1.21154 -1.32888 
24.786000000 0.0246462 0.0140712 -0.447689 0.276953 -1.46732 -1.63579 0.779664 1.24275 -0.798205 0.878192 0.457218 0.591363 1.20648 1.22748 1.21155 -1.31068 
24.806000000 0.0246961 0.0141362 -0.44781 0.274328 -1.46727 -1.63746 0.7798 1.29358 -0.798197 0.878079 0.457251 0.586198 1.20647 1.22748 1.21156 -1.31198 
24.826000000 0.0247477 0.0141263 -0.447935 0.277445 -1.46722 -1.64392 0.779938 1.34154 -0.798189 0.878156 0.457286 0.60446 1.20646 1.22749 1.21157 -1.2793 
24.846000000 0.024799 0.0141171 -0.44806 0.25571 -1.46716 -1.66723 0.780074 1.39593 -0.798181 0.879476 0.457318 0.650966 1.20645 1.22748 1.21159 -1.23062 
24.866000000 0.02485 0.0141091 -0.448192 0.239603 -1.4671 -1.70295 0.780212 1.3963 -0.798172 0.881316 0.457353 0.711857 1.20644 1.2275 1.2116 -1.17287 
24.886000000 0.024902 0.0140854 -0.448319 0.231866 -1.46705 -1.73527 0.780349 1.3967 -0.798164 0.882369 0.457385 0.732906 1.20643 1.2275 1.21161 -1.1337 
24.906000000 0.024956 0.0140925 -0.448442 0.216904 -1.46699 -1.76421 0.780485 1.39624 -0.798156 0.883806 0.457418 0.780365 1.20642 1.2275 1.21162 -1.0846 
24.926000000 0.0253817 0.0141043 -0.448569 0.223427 -1.46694 -1.75944 0.780621 1.39689 -0.798147 0.887653 0.457451 0.779203 1.20641 1.2275 1.21163 -1.05226 
24.946000000 0.0237713 0.0140945 -0.448689 0.227946 -1.46689 -1.75394 0.780747 1.39182 -0.79814 0.889005 0.457484 0.800625 1.2064 1.2275 1.21164 -1.01594 
24.966000000 0.0237693 0.0140598 -0.448806 0.224075 -1.46683 -1.75605 0.780885 1.39413 -0.798132 0.896538 0.457518 0.85145 1.20639 1.22751 1.21165 -0.969663 
24.986000000 0.0238216 0.0140738 -0.448933 0.223018 -1.46678 -1.75721 0.78102 1.39571 -0.798124 0.903067 0.457551 0.903458 1.20638 1.22751 1.21167 -0.927343 
25.006000000 0.0238717 0.014036 -0.449068 0.215695 -1.46672 -1.7623 0.781162 1.39394 -0.798116 0.917465 0.457585 0.973325 1.20636 1.22752 1.21168 -0.882118 
25.026000000 0.0239246 0.0140713 -0.449201 0.199941 -1.46667 -1.77737 0.7813 1.39628 -0.798109 0.931686 0.457618 1.06743 1.20635 1.22752 1.21169 -0.837938 
25.046000000 0.0239765 0.0140174 -0.449325 0.191609 -1.46661 -1.7899 0.781437 1.39328 -0.798101 0.950865 0.457652 1.11716 1.20634 1.22753 1.2117 -0.804682 
25.066000000 0.0240288 0.0140331 -0.449458 0.171732 -1.46656 -1.79943 0.781576 1.39279 -0.798093 0.981845 0.457686 1.15801 1.20633 1.22754 1.21171 -0.771523 
25.086000000 0.0240747 0.0140528 -0.449555 0.18902 -1.4665 -1.78086 0.781708 1.37788 -0.798086 0.965777 0.457718 1.12621 1.20632 1.22753 1.21172 -0.763225 
25.106000000 0.0241299 0.0140189 -0.449675 0.171248 -1.46644 -1.78252 0.781843 1.39408 -0.798078 0.997241 0.457752 1.18319 1.20631 1.22752 1.21173 -0.730415 
25.126000000 0.0241822 0.0140183 -0.449799 0.168173 -1.46639 -1.77476 0.78198 1.39503 -0.79807 1.01479 0.457785 1.21555 1.2063 1.22752 1.21175 -0.692702 
25.146000000 0.0242327 0.0140053 -0.449926 0.136068 -1.46633 -1.78775 0.78212 1.39012 -0.798062 1.0503 0.457819 1.28471 1.20629 1.22751 1.21176 -0.645308 
25.166000000 0.0242832 0.0140529 -0.450045 0.12128 -1.46628 -1.80869 0.782255 1.39419 -0.798054 1.02987 0.457851 1.2688 1.20628 1.2275 1.21177 -0.643199 
25.186000000 0.0243337 0.0140143 -0.450169 0.0870382 -1.46623 -1.83655 0.78239 1.36848 -0.798046 1.08969 0.457885 1.33625 1.20627 1.2275 1.21178 -0.590382 
25.206000000 0.0243848 0.0139874 -0.450286 0.0451341 -1.46617 -1.89783 0.782521 1.34852 -0.798038 1.12156 0.457917 1.38264 1.20626 1.2275 1.21179 -0.550913 
25.226000000 0.0244313 0.013994 -0.450413 0.00201843 -1.46612 -1.95705 0.782658 1.32568 -0.79803 1.15086 0.457951 1.4197 1.20625 1.2275 1.21181 -0.510965 
25.246000000 0.0244813 0.0139956 -0.450542 -0.0260817 -1.46607 -1.99823 0.782792 1.32709 -0.798021 1.16869 0.457983 1.43661 1.20624 1.2275 1.21182 -0.469181 
25.266000000 0.0245318 0.0139604 -0.450671 -0.0594314 -1.46601 -2.04177 0.782926 1.3419 -0.798013 1.20146 0.458017 1.46764 1.20623 1.2275 1.21183 -0.427993 
25.286000000 0.0245798 0.0139632 -0.450798 -0.0906643 -1.46596 -2.08753 0.783061 1.36377 -0.798005 1.22194 0.458049 1.48432 1.20622 1.2275 1.21185 -0.396657 
25.306000000 0.0246325 0.013928 -0.450926 -0.121838 -1.46591 -2.13653 0.783194 1.36838 -0.797996 1.25051 0.458082 1.51103 1.20621 1.22751 1.21186 -0.358689 
25.326000000 0.0246787 0.0139148 -0.451056 -0.14956 -1.46586 -2.18081 0.78333 1.37461 -0.797988 1.278 0.458114 1.52577 1.2062 1.22751 1.21187 -0.317758 
25.346000000 0.0247331 0.0138566 -0.451186 -0.174761 -1.46581 -2.22207 0.783463 1.39277 -0.797979 1.29429 0.458147 1.53824 1.20619 1.22751 1.21189 -0.297473 
25.366000000 0.0247802 0.013839 -0.451322 -0.186595 -1.46575 -2.24332 0.783597 1.38964 -0.79797 1.31141 0.458179 1.54935 1.20618 1.22752 1.2119 -0.274572 
25.386000000 0.0248303 0.0138262 -0.451453 -0.20932 -1.4657 -2.2694 0.783734 1.36509 -0.797961 1.35062 0.458212 1.57182 1.20617 1.22752 1.21191 -0.249463 
25.406000000 0.0248815 0.0137916 -0.451583 -0.240757 -1.46565 -2.30753 0.783865 1.32425 -0.797952 1.38149 0.458244 1.57951 1.20616 1.22753 1.21193 -0.214249 
25.426000000 0.0249319 0.0137842 -0.451713 -0.268743 -1.46559 -2.33137 0.783999 1.28016 -0.797943 1.38675 0.458277 1.58113 1.20615 1.22753 1.21194 -0.194559 
25.446000000 0.0249767 0.0137856 -0.451844 -0.29295 -1.46553 -2.34909 0.784139 1.26442 -0.797933 1.40729 0.45831 1.58481 1.20614 1.22754 1.21195 -0.180963 
25.466000000 0.0242066 0.0137629 -0.451969 -0.314987 -1.46548 -2.36344 0.784255 1.25285 -0.797926 1.42707 0.458341 1.58608 1.20613 1.22754 1.21196 -0.157645 
25.486000000 0.0237435 0.0137272 -0.452105 -0.351074 -1.46543 -2.38133 0.78439 1.216 -0.797917 1.45424 0.458374 1.59079 1.20612 1.22754 1.21197 -0.132311 
25.506000000 0.0237849 0.0137431 -0.452239 -0.370016 -1.46538 -2.39323 0.784522 1.20445 -0.797909 1.45627 0.458406 1.59149 1.20611 1.22754 1.21198 -0.124921 
25.526000000 0.0238375 0.013744 -0.452352 -0.392361 -1.46533 -2.41287 0.784658 1.19658 -0.797901 1.46517 0.45844 1.59211 1.20609 1.22754 1.212 -0.115887 
25.546000000 0.0238891 0.0137538 -0.452461 -0.398524 -1.46528 -2.42884 0.784789 1.22514 -0.797894 1.47581 0.458472 1.59418 1.20608 1.22754 1.21201 -0.104707 
25.566000000 0.023936 0.0137659 -0.452575 -0.407844 -1.46523 -2.44131 0.784926 1.25606 -0.797886 1.48701 0.458505 1.59592 1.20607 1.22754 1.21202 -0.0956939 
25.586000000 0.023983 0.0137811 -0.452682 -0.422598 -1.46517 -2.45291 0.785059 1.26251 -0.797878 1.51143 0.458538 1.59748 1.20606 1.22754 1.21204 -0.0809461 
25.606000000 0.0240318 0.013771 -0.452791 -0.440682 -1.46512 -2.46955 0.78519 1.23496 -0.79787 1.53601 0.45857 1.59983 1.20605 1.22753 1.21205 -0.0696819 
25.626000000 0.0240775 0.0137539 -0.452901 -0.445598 -1.46507 -2.48007 0.785322 1.22014 -0.797862 1.53919 0.458603 1.60085 1.20604 1.22753 1.21206 -0.0654917 
25.646000000 0.024124 0.0137796 -0.453006 -0.470093 -1.46502 -2.49935 0.785455 1.1889 -0.797853 1.58401 0.458635 1.60219 1.20603 1.22753 1.21208 -0.0469684 
25.666000000 0.024174 0.0137659 -0.453116 -0.480195 -1.46497 -2.50404 0.785585 1.15514 -0.797845 1.57154 0.458668 1.60179 1.20602 1.22753 1.21209 -0.0509346 
25.686000000 0.0242202 0.0137771 -0.453224 -0.48493 -1.46492 -2.50463 0.785721 1.1425 -0.797836 1.57593 0.4587 1.60183 1.20601 1.22753 1.2121 -0.047869 
25.706000000 0.0242678 0.0137857 -0.453332 -0.495593 -1.46486 -2.50466 0.785853 1.1089 -0.797827 1.57497 0.458733 1.60178 1.206 1.22753 1.21212 -0.0457636 
25.726000000 0.0243171 0.0137825 -0.453437 -0.507744 -1.46481 -2.5046 0.785983 1.07877 -0.797818 1.5944 0.458764 1.6012 1.20599 1.22753 1.21213 -0.0345637 
25.746000000 0.0243618 0.0137685 -0.453546 -0.52885 -1.46476 -2.50457 0.786116 1.02895 -0.79781 1.61646 0.458797 1.59966 1.20598 1.22753 1.21215 -0.0225086 
25.766000000 0.0244092 0.0137621 -0.45366 -0.552274 -1.46471 -2.5036 0.78625 0.972926 -0.7978 1.65007 0.458829 1.59625 1.20597 1.22753 1.21216 -0.00566421 
25.786000000 0.0244586 0.0137527 -0.453771 -0.570642 -1.46465 -2.49998 0.786383 0.921531 -0.797792 1.68409 0.458861 1.59214 1.20596 1.22753 1.21217 0.00701099 
25.806000000 0.0245137 0.0137611 -0.453883 -0.588673 -1.4646 -2.49918 0.786513 0.877231 -0.797783 1.70598 0.458893 1.58911 1.20595 1.22753 1.21219 0.0137073 
25.826000000 0.024563 0.0137391 -0.45399 -0.588272 -1.46455 -2.49586 0.786646 0.859192 -0.797775 1.71572 0.458925 1.58599 1.20595 1.22753 1.2122 0.0178942 
25.846000000 0.0246178 0.0137423 -0.454099 -0.621266 -1.46449 -2.47147 0.786781 0.807804 -0.797765 1.77813 0.458957 1.57769 1.20594 1.22753 1.21221 0.0264144 
25.866000000 0.0246573 0.0137408 -0.4542 -0.622061 -1.46444 -2.48405 0.786916 0.808776 -0.797756 1.75623 0.45899 1.57733 1.20593 1.22753 1.21223 0.0264153 
25.886000000 0.0247068 0.0137514 -0.454306 -0.634543 -1.46439 -2.4763 0.787049 0.778966 -0.797747 1.77614 0.459021 1.57535 1.20592 1.22752 1.21224 0.0272018 
25.906000000 0.0247623 0.0137321 -0.454426 -0.661364 -1.46433 -2.4442 0.787182 0.721542 -0.797738 1.83894 0.459053 1.55955 1.20591 1.22752 1.21226 0.0297197 
25.926000000 0.0248038 0.0137341 -0.454543 -0.675307 -1.46428 -2.41627 0.787318 0.683461 -0.797728 1.86811 0.459086 1.55012 1.2059 1.22752 1.21227 0.0284284 
25.946000000 0.024856 0.0137284 -0.454663 -0.675862 -1.46423 -2.41482 0.787448 0.668197 -0.79772 1.86998 0.459117 1.55045 1.20589 1.22752 1.21228 0.0284623 
25.966000000 0.024911 0.013716 -0.454792 -0.677593 -1.46417 -2.41532 0.787579 0.669103 -0.79771 1.87364 0.459149 1.55289 1.20588 1.22752 1.2123 0.0287088 
25.986000000 0.0249575 0.0137157 -0.454903 -0.691873 -1.46412 -2.40201 0.787716 0.645726 -0.7977 1.90939 0.459182 1.541 1.20587 1.22752 1.21231 0.0263925 
26.006000000 0.0253669 0.0137135 -0.455006 -0.70439 -1.46407 -2.37971 0.787838 0.610367 -0.797692 1.95081 0.459212 1.5333 1.20586 1.22752 1.21232 0.0243704 
26.026000000 0.0237614 0.0137257 -0.455118 -0.710458 -1.46402 -2.36552 0.787968 0.588035 -0.797683 1.97022 0.459244 1.53044 1.20585 1.22752 1.21233 0.0229954 
26.046000000 0.0237635 0.0137237 -0.455256 -0.719426 -1.46396 -2.34126 0.7881 0.540029 -0.797674 1.99711 0.459275 1.52405 1.20584 1.22752 1.21234 0.0203751 
26.066000000 0.023814 0.0136998 -0.455395 -0.728443 -1.4639 -2.32111 0.788233 0.497493 -0.797666 2.02203 0.459308 1.51858 1.20583 1.22752 1.21236 0.0185713 
26.086000000 0.0238561 0.0137021 -0.45553 -0.735434 -1.46385 -2.3094 0.788369 0.459532 -0.797657 2.0409 0.459341 1.51291 1.20582 1.22751 1.21237 0.0172856 
26.106000000 0.023905 0.0137065 -0.455659 -0.751811 -1.46379 -2.29973 0.788503 0.424706 -0.797648 2.07844 0.459372 1.50099 1.20581 1.22751 1.21238 0.012963 
26.126000000 0.0239502 0.0136859 -0.455792 -0.759477 -1.46373 -2.28025 0.788636 0.376835 -0.797639 2.11191 0.459405 1.49476 1.2058 1.22751 1.21239 0.0101865 
26.146000000 0.0239984 0.0136966 -0.455926 -0.767927 -1.46368 -2.2689 0.78877 0.356089 -0.79763 2.1422 0.459437 1.48743 1.20579 1.22751 1.21241 0.0073693 
26.166000000 0.0240439 0.0137024 -0.456061 -0.762593 -1.46362 -2.30127 0.788904 0.393173 -0.797621 2.11921 0.459469 1.49289 1.20578 1.22751 1.21242 0.0100303 
26.186000000 0.0240987 0.0136872 -0.456194 -0.773427 -1.46356 -2.2971 0.789034 0.362028 -0.797612 2.15333 0.459501 1.48314 1.20577 1.2275 1.21243 0.00502733 
26.206000000 0.02414 0.0137013 -0.456328 -0.776788 -1.46351 -2.2826 0.78917 0.331919 -0.797602 2.16505 0.459533 1.48006 1.20576 1.2275 1.21244 0.00322042 
26.226000000 0.024195 0.0136853 -0.456458 -0.786426 -1.46346 -2.25844 0.789299 0.298152 -0.797593 2.18922 0.459564 1.46761 1.20575 1.2275 1.21246 -0.00127469 
26.246000000 0.0242349 0.0136865 -0.45659 -0.790526 -1.4634 -2.24151 0.789434 0.277028 -0.797584 2.19869 0.459596 1.46106 1.20574 1.2275 1.21247 -0.00426945 
26.266000000 0.0242892 0.0136702 -0.456726 -0.787429 -1.46334 -2.24251 0.789565 0.277016 -0.797575 2.19112 0.459628 1.46768 1.20573 1.2275 1.21248 -0.00172973 
26.286000000 0.0243345 0.0136719 -0.456853 -0.803875 -1.46329 -2.2195 0.789703 0.240777 -0.797565 2.22229 0.45966 1.44297 1.20572 1.22751 1.2125 -0.0120839 
26.306000000 0.024385 0.0136654 -0.456986 -0.804442 -1.46323 -2.21801 0.78983 0.251958 -0.797557 2.22915 0.459691 1.44418 1.20571 1.2275 1.21251 -0.0117639 
26.326000000 0.0244369 0.013657 -0.457114 -0.822932 -1.46318 -2.18599 0.789963 0.213824 -0.797548 2.28914 0.459723 1.41881 1.20571 1.22751 1.21252 -0.0217907 
26.346000000 0.024477 0.0136724 -0.457248 -0.820318 -1.46312 -2.18841 0.790101 0.234306 -0.797537 2.27717 0.459755 1.42195 1.2057 1.22751 1.21254 -0.0203502 
26.366000000 0.0245241 0.0136719 -0.457376 -0.830354 -1.46307 -2.15008 0.790232 0.187781 -0.797528 2.31984 0.459786 1.40971 1.20569 1.22751 1.21255 -0.0263701 
26.386000000 0.0245793 0.0136731 -0.457513 -0.836363 -1.46301 -2.11362 0.790362 0.15456 -0.797519 2.34216 0.459817 1.40325 1.20568 1.22751 1.21256 -0.0286341 
26.406000000 0.0246274 0.0136618 -0.457644 -0.847241 -1.46296 -2.07309 0.790493 0.105251 -0.797509 2.38252 0.459849 1.38635 1.20567 1.2275 1.21258 -0.0343051 
26.426000000 0.0246725 0.0136561 -0.457778 -0.855943 -1.4629 -2.03431 0.790626 0.0635256 -0.797499 2.41916 0.459881 1.37144 1.20566 1.22751 1.21259 -0.0392753 
26.446000000 0.0247244 0.0136743 -0.457908 -0.864461 -1.46285 -1.99598 0.790754 0.0352694 -0.79749 2.46137 0.459911 1.36012 1.20565 1.22751 1.2126 -0.0424774 
26.466000000 0.0247704 0.0136614 -0.458046 -0.874948 -1.4628 -1.947 0.790887 -0.0159778 -0.79748 2.52345 0.459943 1.34667 1.20564 1.22751 1.21262 -0.0459663 
26.486000000 0.0248177 0.0136779 -0.458186 -0.877003 -1.46274 -1.91713 0.791021 -0.0429401 -0.79747 2.54757 0.459975 1.34449 1.20563 1.22752 1.21263 -0.0461601 
26.506000000 0.0248631 0.0136666 -0.458309 -0.880418 -1.46268 -1.91248 0.791154 -0.0545698 -0.79746 2.55716 0.460007 1.34265 1.20562 1.22751 1.21264 -0.0464689 
26.526000000 0.0249077 0.0136775 -0.458436 -0.88315 -1.46263 -1.9015 0.791283 -0.0857996 -0.79745 2.58131 0.460037 1.33885 1.20561 1.22751 1.21266 -0.0474149 
26.546000000 0.024956 0.0136531 -0.458555 -0.886176 -1.46257 -1.89891 0.791415 -0.106261 -0.79744 2.62067 0.460068 1.3324 1.20561 1.22751 1.21267 -0.0476897 
26.566000000 0.0253803 0.0136709 -0.458681 -0.889105 -1.46252 -1.90685 0.791536 -0.11185 -0.79743 2.63973 0.460099 1.33317 1.2056 1.22751 1.21268 -0.0476608 
