Time gripper_l_joint gripper_r_joint yumi_joint_1_l yumi_joint_1_r yumi_joint_2_l yumi_joint_2_r yumi_joint_3_l yumi_joint_3_r yumi_joint_4_l yumi_joint_4_r yumi_joint_5_l yumi_joint_5_r yumi_joint_6_l yumi_joint_6_r yumi_joint_7_l yumi_joint_7_r 
431000000 0.00411239 0.00156414 -0.417156 0.415992 -1.46683 -1.467 0.74361 0.743998 -0.792993 0.793353 0.446038 0.445872 1.1994 1.19962 1.19988 -1.20023 
451000000 0.00411331 0.00156162 -0.417168 0.400403 -1.46683 -1.46906 0.743613 0.754024 -0.792994 0.794499 0.446038 0.450426 1.1994 1.19962 1.19988 -1.18246 
471000000 0.00411489 0.0015511 -0.417177 0.355556 -1.46683 -1.47617 0.743615 0.770872 -0.792994 0.797075 0.446038 0.459473 1.1994 1.19962 1.19989 -1.11964 
491000000 0.0041158 0.00154654 -0.417186 0.310633 -1.46683 -1.48729 0.743617 0.781416 -0.792994 0.800053 0.446038 0.468232 1.1994 1.19962 1.19989 -1.05681 
511000000 0.00411671 0.00154241 -0.417195 0.26581 -1.46683 -1.50196 0.743618 0.785276 -0.792995 0.803395 0.446038 0.476508 1.1994 1.19963 1.1999 -0.99399 
531000000 0.00411761 0.0015389 -0.417204 0.221339 -1.46683 -1.51955 0.74362 0.782412 -0.792995 0.807041 0.446038 0.484131 1.1994 1.19963 1.1999 -0.931167 
551000000 0.00411852 0.00153609 -0.417213 0.177489 -1.46683 -1.5394 0.743622 0.773152 -0.792995 0.810919 0.446038 0.490983 1.1994 1.19964 1.19991 -0.868346 
571000000 0.00411942 0.00153398 -0.417222 0.134484 -1.46683 -1.56086 0.743623 0.758111 -0.792996 0.814958 0.446038 0.497013 1.1994 1.19964 1.19991 -0.805525 
591000000 0.00412033 0.00153249 -0.417231 0.0924503 -1.46683 -1.58342 0.743625 0.73804 -0.792996 0.8191 0.446038 0.50223 1.19941 1.19964 1.19992 -0.742704 
611000000 0.00412124 0.00153143 -0.41724 0.0514033 -1.46682 -1.60671 0.743627 0.713677 -0.792997 0.823302 0.446037 0.506685 1.19941 1.19965 1.19992 -0.679885 
631000000 0.00412216 0.0015309 -0.417249 0.011242 -1.46682 -1.63048 0.743628 0.685656 -0.792997 0.827539 0.446037 0.510454 1.19941 1.19965 1.19993 -0.618433 
651000000 0.00412305 0.00153141 -0.417258 -0.0282596 -1.46682 -1.65458 0.74363 0.654516 -0.792997 0.831802 0.446037 0.51362 1.19941 1.19965 1.19993 -0.55993 
671000000 0.00412397 0.0015321 -0.417267 -0.067377 -1.46682 -1.67891 0.743632 0.620627 -0.792998 0.83609 0.446037 0.516263 1.19941 1.19966 1.19994 -0.503935 
691000000 0.00412488 0.00153272 -0.417275 -0.106404 -1.46682 -1.70348 0.743634 0.584174 -0.792998 0.840416 0.446037 0.51845 1.19941 1.19966 1.19994 -0.449982 
711000000 0.00412579 0.00153326 -0.417284 -0.145657 -1.46682 -1.7283 0.743635 0.545173 -0.792998 0.844804 0.446037 0.520237 1.19941 1.19966 1.19995 -0.397615 
731000000 0.00412671 0.00153373 -0.417293 -0.185487 -1.46682 -1.75345 0.743637 0.503474 -0.792999 0.849283 0.446037 0.521667 1.19941 1.19967 1.19995 -0.346379 
751000000 0.00412762 0.00153413 -0.417301 -0.226296 -1.46682 -1.77901 0.743639 0.458745 -0.792999 0.853898 0.446037 0.522769 1.19941 1.19967 1.19996 -0.295819 
771000000 0.00412853 0.00153445 -0.417309 -0.268574 -1.46682 -1.80507 0.743641 0.410425 -0.792999 0.858706 0.446037 0.523559 1.19941 1.19968 1.19996 -0.245452 
791000000 0.00412946 0.00153484 -0.417316 -0.312953 -1.46682 -1.83174 0.743643 0.357624 -0.793 0.863788 0.446037 0.52404 1.19941 1.19968 1.19997 -0.194741 
811000000 0.00413038 0.00153522 -0.417323 -0.360305 -1.46682 -1.85908 0.743645 0.298926 -0.793 0.869265 0.446037 0.524191 1.19941 1.19969 1.19997 -0.143042 
831000000 0.00413136 0.00153435 -0.41733 -0.411841 -1.46682 -1.8871 0.743647 0.236114 -0.793 0.875325 0.446037 0.523947 1.19941 1.19969 1.19997 -0.0895739 
851000000 0.00413245 0.00153319 -0.417336 -0.468817 -1.46682 -1.91575 0.743649 0.173284 -0.793001 0.882278 0.446037 0.523131 1.19941 1.1997 1.19998 -0.0336742 
871000000 0.00413364 0.00152885 -0.417344 -0.531085 -1.46682 -1.94432 0.743652 0.110449 -0.793001 0.890628 0.446037 0.521326 1.19941 1.1997 1.19998 0.0246661 
891000000 0.0041347 0.00152697 -0.417354 -0.593921 -1.46682 -1.96966 0.743654 0.0476008 -0.793001 0.901127 0.446037 0.517715 1.19941 1.1997 1.19999 0.0831191 
911000000 0.00413594 0.00152727 -0.41737 -0.656673 -1.46682 -1.98382 0.743655 -0.0152707 -0.793001 0.914488 0.446037 0.510955 1.19941 1.1997 1.19999 0.132633 
931000000 0.00413679 0.0015529 -0.417392 -0.706333 -1.46682 -1.97803 0.743654 -0.0781439 -0.793002 0.930316 0.446037 0.500371 1.19941 1.19968 1.2 0.158729 
951000000 0.00413696 0.00158933 -0.417409 -0.735861 -1.46682 -1.95418 0.743654 -0.141003 -0.793002 0.947439 0.446037 0.487931 1.19941 1.19967 1.20001 0.162809 
971000000 0.0041374 0.00160803 -0.417423 -0.755153 -1.46682 -1.92077 0.743655 -0.203848 -0.793003 0.965549 0.446037 0.475812 1.19942 1.19966 1.20001 0.156282 
991000000 0.00413821 0.0016143 -0.417436 -0.770729 -1.46682 -1.88379 0.743656 -0.266686 -0.793003 0.984836 0.446037 0.465177 1.19942 1.19966 1.20002 0.145946 
11000000 0.00413907 0.00161542 -0.417449 -0.784964 -1.46682 -1.84599 0.743658 -0.329521 -0.793003 1.0056 0.446036 0.456707 1.19942 1.19966 1.20002 0.13423 
31000000 0.00413992 0.00161486 -0.417461 -0.798481 -1.46682 -1.80834 0.743659 -0.392355 -0.793004 1.02825 0.446036 0.450982 1.19942 1.19966 1.20002 0.12175 
51000000 0.00414077 0.0016138 -0.417474 -0.811368 -1.46682 -1.77111 0.743661 -0.455188 -0.793004 1.05334 0.446036 0.448637 1.19942 1.19966 1.20003 0.108548 
71000000 0.00414162 0.00161256 -0.417486 -0.823577 -1.46682 -1.73428 0.743662 -0.518021 -0.793005 1.08168 0.446036 0.450424 1.19942 1.19966 1.20003 0.0944993 
91000000 0.00414247 0.00161123 -0.417498 -0.835029 -1.46682 -1.6978 0.743664 -0.580853 -0.793005 1.11448 0.446036 0.457232 1.19942 1.19966 1.20004 0.0794005 
111000000 0.00414331 0.0016098 -0.41751 -0.845636 -1.46682 -1.66158 0.743665 -0.643686 -0.793005 1.15354 0.446036 0.470112 1.19942 1.19966 1.20004 0.0629637 
131000000 0.00414415 0.00160832 -0.417523 -0.855314 -1.46682 -1.62546 0.743667 -0.706519 -0.793006 1.20176 0.446036 0.490291 1.19942 1.19966 1.20005 0.0447593 
151000000 0.00414499 0.00160688 -0.417535 -0.864003 -1.46682 -1.58917 0.743669 -0.769351 -0.793006 1.26404 0.446036 0.519209 1.19942 1.19966 1.20005 0.024099 
171000000 0.00414582 0.00160571 -0.417547 -0.871728 -1.46682 -1.5522 0.74367 -0.832185 -0.793006 1.34935 0.446036 0.558674 1.19942 1.19966 1.20006 -0.00022092 
191000000 0.00414663 0.001605 -0.41756 -0.87878 -1.46682 -1.51345 0.743672 -0.895019 -0.793007 1.474 0.446036 0.611482 1.19942 1.19966 1.20006 -0.0305625 
211000000 0.00414748 0.00160582 -0.417572 -0.886613 -1.46682 -1.47324 0.743673 -0.957851 -0.793007 1.61363 0.446036 0.675783 1.19942 1.19966 1.20007 -0.071214 
231000000 0.00414846 0.00160579 -0.417583 -0.897877 -1.46681 -1.43231 0.743675 -1.02068 -0.793007 1.75326 0.446036 0.731605 1.19942 1.19966 1.20007 -0.127917 
251000000 0.00415166 0.00159644 -0.417598 -0.909268 -1.46681 -1.39103 0.743675 -1.08351 -0.793008 1.89289 0.446036 0.761788 1.19942 1.19966 1.20008 -0.190744 
271000000 0.00415093 0.00161276 -0.41761 -0.91883 -1.46681 -1.36408 0.743679 -1.1177 -0.793008 2.03252 0.446036 0.781041 1.19942 1.19966 1.20008 -0.241564 
291000000 0.00415233 0.00160451 -0.417624 -0.915243 -1.46681 -1.36206 0.743679 -1.10716 -0.793008 2.17214 0.446036 0.800693 1.19942 1.19966 1.20009 -0.216351 
311000000 0.00414792 0.00160126 -0.417642 -0.917804 -1.4668 -1.35971 0.743683 -1.09236 -0.793008 2.31177 0.446036 0.825365 1.19942 1.19966 1.20009 -0.212752 
331000000 0.00414918 0.00159048 -0.417662 -0.914701 -1.4668 -1.35845 0.743683 -1.08148 -0.793009 2.4514 0.446036 0.841544 1.19942 1.19966 1.2001 -0.178138 
351000000 0.00414964 0.00158481 -0.41768 -0.915027 -1.4668 -1.36002 0.743683 -1.06565 -0.793009 2.59102 0.446036 0.861563 1.19942 1.19966 1.2001 -0.150303 
371000000 0.00415144 0.00157297 -0.417699 -0.914674 -1.4668 -1.35733 0.743685 -1.05961 -0.793009 2.73065 0.446036 0.87399 1.19943 1.19966 1.20011 -0.114317 
391000000 0.00415172 0.00156405 -0.417716 -0.915926 -1.4668 -1.36144 0.743687 -1.04877 -0.79301 2.87027 0.446036 0.881759 1.19943 1.19966 1.20011 -0.0790255 
411000000 0.00415356 0.00155572 -0.417738 -0.915725 -1.4668 -1.36213 0.743688 -1.04864 -0.79301 3.0099 0.446036 0.883314 1.19943 1.19966 1.20012 -0.0377071 
431000000 0.00415094 0.00153989 -0.417757 -0.915526 -1.46679 -1.35363 0.74369 -1.04903 -0.79301 3.14387 0.446036 0.88629 1.19943 1.19966 1.20012 -0.00341857 
451000000 0.00415299 0.00154429 -0.417772 -0.9141 -1.4668 -1.36831 0.743687 -1.03227 -0.793011 3.14312 0.446035 0.902228 1.19943 1.19966 1.20013 0.00400592 
471000000 0.00415046 0.00154288 -0.417794 -0.914278 -1.46679 -1.35716 0.743693 -1.04385 -0.793011 3.14583 0.446036 0.893383 1.19943 1.19966 1.20013 0.00400434 
491000000 0.00415306 0.00154137 -0.417807 -0.916879 -1.46679 -1.36026 0.743691 -1.04252 -0.793011 3.14014 0.446035 0.894569 1.19943 1.19966 1.20014 -0.00541466 
511000000 0.00415129 0.00154805 -0.417833 -0.915213 -1.46678 -1.36192 0.743695 -1.04103 -0.793011 3.13958 0.446036 0.893738 1.19943 1.19966 1.20014 -0.00073443 
531000000 0.00414944 0.0015438 -0.417845 -0.913933 -1.46679 -1.35881 0.743696 -1.03904 -0.793012 3.139 0.446035 0.89561 1.19943 1.19966 1.20015 0.00325389 
551000000 0.00414934 0.00154402 -0.417865 -0.913596 -1.46678 -1.36555 0.743697 -1.03993 -0.793012 3.1402 0.446035 0.892715 1.19943 1.19966 1.20015 0.00384356 
571000000 0.0041541 0.00154832 -0.417888 -0.915469 -1.46678 -1.35415 0.743697 -1.05088 -0.793012 3.13956 0.446035 0.88613 1.19943 1.19966 1.20015 -0.00315112 
591000000 0.00415304 0.00154769 -0.417897 -0.915236 -1.46679 -1.36006 0.743698 -1.04135 -0.793013 3.14949 0.446035 0.895635 1.19943 1.19966 1.20016 0.00460202 
611000000 0.00414921 0.00154643 -0.417922 -0.915802 -1.46678 -1.36641 0.743701 -1.03563 -0.793013 3.13814 0.446035 0.898258 1.19943 1.19966 1.20016 -0.00648965 
631000000 0.00415486 0.00154585 -0.417939 -0.915727 -1.46678 -1.35251 0.743702 -1.04885 -0.793013 3.1477 0.446035 0.901632 1.19943 1.19966 1.20017 0.000942896 
651000000 0.00415402 0.00155112 -0.417954 -0.915899 -1.46678 -1.3589 0.743702 -1.05424 -0.793014 3.1434 0.446035 0.877438 1.19943 1.19965 1.20017 -0.000576411 
671000000 0.00415394 0.00155001 -0.417977 -0.915499 -1.46677 -1.36051 0.743705 -1.04562 -0.793014 3.14883 0.446035 0.882512 1.19943 1.19965 1.20018 0.000576483 
691000000 0.00415497 0.0015553 -0.417992 -0.916925 -1.46677 -1.35434 0.743706 -1.04589 -0.793014 3.13903 0.446035 0.903304 1.19943 1.19965 1.20018 -0.00693282 
711000000 0.00415473 0.00155045 -0.418008 -0.9156 -1.46677 -1.35959 0.743706 -1.04429 -0.793015 3.14467 0.446035 0.89495 1.19943 1.19965 1.20019 4.5817e-05 
731000000 0.00414973 0.00155149 -0.418027 -0.913727 -1.46677 -1.36535 0.743709 -1.03997 -0.793015 3.13933 0.446035 0.886259 1.19943 1.19965 1.20019 0.00355978 
751000000 0.00415486 0.00155292 -0.418049 -0.916764 -1.46676 -1.35977 0.743709 -1.04024 -0.793015 3.13333 0.446035 0.897687 1.19943 1.19965 1.2002 -0.00769583 
771000000 0.0041529 0.00154847 -0.418064 -0.913258 -1.46676 -1.357 0.743712 -1.04528 -0.793015 3.14506 0.446035 0.891292 1.19944 1.19965 1.2002 0.00910291 
791000000 0.0041559 0.00155607 -0.41808 -0.914244 -1.46676 -1.35689 0.743711 -1.04643 -0.793016 3.13275 0.446035 0.897338 1.19944 1.19965 1.20021 0.000262522 
811000000 0.00415501 0.00155714 -0.418096 -0.91635 -1.46676 -1.36173 0.743713 -1.04214 -0.793016 3.14389 0.446035 0.898171 1.19944 1.19965 1.20021 -0.00338537 
831000000 0.00415724 0.00155504 -0.41812 -0.916019 -1.46675 -1.36009 0.743715 -1.04407 -0.793016 3.14663 0.446035 0.888363 1.19944 1.19965 1.20022 -0.00131577 
851000000 0.00415606 0.00155688 -0.418133 -0.914934 -1.46676 -1.35438 0.743717 -1.04844 -0.793017 3.14152 0.446035 0.89139 1.19944 1.19965 1.20022 0.00237235 
871000000 0.00415554 0.00155875 -0.418149 -0.914674 -1.46675 -1.36574 0.743716 -1.03542 -0.793017 3.13734 0.446035 0.896467 1.19944 1.19965 1.20023 0.00049215 
891000000 0.00415355 0.00155344 -0.41817 -0.9147 -1.46675 -1.36115 0.74372 -1.0439 -0.793017 3.14778 0.446035 0.891046 1.19944 1.19965 1.20023 0.00263622 
911000000 0.00415644 0.00156231 -0.418186 -0.913294 -1.46675 -1.35904 0.743719 -1.03384 -0.793018 3.13454 0.446035 0.909094 1.19944 1.19965 1.20024 0.00344988 
931000000 0.00415124 0.00155301 -0.418201 -0.913982 -1.46675 -1.36122 0.743724 -1.05127 -0.793018 3.13976 0.446035 0.879019 1.19944 1.19965 1.20024 0.00398131 
951000000 0.00415308 0.00155544 -0.418221 -0.915731 -1.46674 -1.35285 0.743725 -1.05009 -0.793018 3.13489 0.446035 0.893121 1.19944 1.19965 1.20025 -0.00605518 
971000000 0.00415769 0.0015564 -0.418234 -0.915583 -1.46675 -1.36387 0.743724 -1.04265 -0.793019 3.15498 0.446035 0.887137 1.19944 1.19965 1.20025 0.00693038 
991000000 0.00415945 0.00155815 -0.418258 -0.917365 -1.46674 -1.35702 0.743724 -1.04225 -0.793019 3.14204 0.446035 0.896637 1.19944 1.19965 1.20026 -0.00727441 
11000000 0.0041566 0.00155566 -0.418266 -0.914704 -1.46674 -1.36221 0.743725 -1.03958 -0.79302 3.14976 0.446034 0.895029 1.19944 1.19965 1.20026 0.00509304 
31000000 0.00415675 0.00156453 -0.41829 -0.916041 -1.46674 -1.36257 0.743727 -1.04115 -0.79302 3.13556 0.446034 0.898024 1.19944 1.19965 1.20027 -0.00465639 
51000000 0.0041558 0.0015585 -0.418303 -0.915851 -1.46674 -1.35394 0.743729 -1.04437 -0.79302 3.13847 0.446034 0.904154 1.19944 1.19965 1.20027 -0.00516159 
71000000 0.00415605 0.00156653 -0.418321 -0.917204 -1.46673 -1.36767 0.743731 -1.03881 -0.79302 3.14219 0.446034 0.892307 1.19944 1.19965 1.20028 -0.00643448 
91000000 0.0041573 0.00156279 -0.418338 -0.91631 -1.46673 -1.35071 0.743731 -1.04807 -0.793021 3.13628 0.446034 0.902481 1.19944 1.19965 1.20028 -0.00591968 
111000000 0.00415279 0.00155755 -0.418353 -0.914874 -1.46673 -1.36929 0.743734 -1.03339 -0.793021 3.14148 0.446034 0.893394 1.19944 1.19965 1.20029 0.000878709 
131000000 0.00415914 0.00155923 -0.418375 -0.915122 -1.46672 -1.35036 0.743734 -1.05402 -0.793021 3.1447 0.446034 0.891439 1.19944 1.19965 1.20029 0.00252023 
151000000 0.0041568 0.0015617 -0.418386 -0.916841 -1.46673 -1.36195 0.743734 -1.04135 -0.793022 3.14197 0.446034 0.893285 1.19944 1.19965 1.2003 -0.00558423 
171000000 0.0041587 0.00156166 -0.418409 -0.914219 -1.46672 -1.36207 0.743736 -1.04587 -0.793022 3.14463 0.446034 0.884061 1.19945 1.19965 1.2003 0.00491343 
191000000 0.00415985 0.00156109 -0.418422 -0.914808 -1.46672 -1.35219 0.743736 -1.05136 -0.793023 3.14637 0.446034 0.888995 1.19945 1.19965 1.20031 0.00424656 
211000000 0.00415706 0.00156086 -0.41844 -0.918118 -1.46672 -1.3596 0.743739 -1.05186 -0.793023 3.14037 0.446034 0.889924 1.19945 1.19965 1.20031 -0.0104291 
231000000 0.00415921 0.00156004 -0.418458 -0.915792 -1.46672 -1.36072 0.74374 -1.03788 -0.793023 3.1404 0.446034 0.890622 1.19945 1.19965 1.20031 -0.00258042 
251000000 0.00415946 0.00156096 -0.418469 -0.915551 -1.46672 -1.36027 0.74374 -1.04367 -0.793024 3.14346 0.446034 0.893957 1.19945 1.19965 1.20032 -0.0010412 
271000000 0.00415866 0.00155903 -0.418491 -0.915556 -1.46671 -1.36158 0.743744 -1.04486 -0.793024 3.14015 0.446034 0.888035 1.19945 1.19965 1.20032 -0.000194601 
291000000 0.00415958 0.00156552 -0.418504 -0.914665 -1.46671 -1.35993 0.743745 -1.03707 -0.793024 3.13768 0.446034 0.892481 1.19945 1.19965 1.20033 0.00110774 
311000000 0.00415757 0.00155745 -0.418518 -0.914589 -1.46671 -1.36442 0.743746 -1.03789 -0.793024 3.14084 0.446034 0.897196 1.19945 1.19965 1.20034 0.00157418 
331000000 0.00415995 0.00156488 -0.41854 -0.915959 -1.46671 -1.35793 0.743749 -1.04956 -0.793024 3.1387 0.446034 0.888638 1.19945 1.19965 1.20034 -0.0018597 
351000000 0.00416051 0.00156655 -0.418554 -0.915035 -1.46671 -1.36055 0.743749 -1.03837 -0.793025 3.14366 0.446034 0.885843 1.19945 1.19965 1.20034 0.00294118 
371000000 0.00416028 0.00156332 -0.418567 -0.917812 -1.46671 -1.36127 0.74375 -1.04248 -0.793025 3.14669 0.446034 0.900204 1.19945 1.19965 1.20035 -0.00652356 
391000000 0.00415664 0.00156277 -0.418589 -0.914324 -1.4667 -1.35985 0.743755 -1.04343 -0.793025 3.14012 0.446034 0.891563 1.19945 1.19965 1.20035 0.00262312 
411000000 0.0041568 0.00156456 -0.418597 -0.913485 -1.46671 -1.35953 0.743753 -1.04274 -0.793026 3.13245 0.446034 0.894741 1.19945 1.19965 1.20036 0.00275965 
431000000 0.00415741 0.00156521 -0.418621 -0.915532 -1.4667 -1.36207 0.743756 -1.04183 -0.793026 3.13585 0.446034 0.895272 1.19945 1.19965 1.20036 -0.00374154 
451000000 0.00415894 0.00156035 -0.418632 -0.916827 -1.4667 -1.35678 0.743757 -1.04423 -0.793027 3.14208 0.446034 0.892861 1.19945 1.19965 1.20037 -0.00471939 
471000000 0.00415755 0.00156707 -0.418653 -0.911372 -1.46669 -1.3665 0.743759 -1.03846 -0.793027 3.13504 0.446034 0.882902 1.19945 1.19965 1.20037 0.0109839 
491000000 0.00415862 0.0015691 -0.418665 -0.91474 -1.46669 -1.35457 0.74376 -1.04584 -0.793027 3.13594 0.446034 0.903324 1.19945 1.19965 1.20038 -0.000986244 
511000000 0.00416299 0.00157037 -0.418681 -0.914002 -1.46669 -1.36533 0.743759 -1.03746 -0.793028 3.14104 0.446033 0.898522 1.19945 1.19965 1.20038 0.00432189 
531000000 0.00416273 0.00157473 -0.418702 -0.915184 -1.46668 -1.3594 0.743763 -1.04289 -0.793028 3.14081 0.446034 0.89543 1.19945 1.19965 1.20039 -0.000860557 
551000000 0.00416068 0.00156817 -0.418713 -0.91465 -1.46669 -1.35454 0.743764 -1.04837 -0.793028 3.14026 0.446033 0.892688 1.19945 1.19965 1.20039 0.000619399 
571000000 0.00416217 0.0015734 -0.418732 -0.914838 -1.46669 -1.36693 0.743764 -1.03627 -0.793028 3.1394 0.446033 0.891142 1.19946 1.19965 1.2004 0.00053253 
591000000 0.00416352 0.00157341 -0.418752 -0.914115 -1.46668 -1.35975 0.743766 -1.04356 -0.793029 3.13311 0.446033 0.891969 1.19946 1.19965 1.2004 0.00156817 
611000000 0.00415839 0.00156942 -0.418762 -0.912577 -1.46668 -1.35823 0.743769 -1.03818 -0.793029 3.11768 0.446033 0.901761 1.19946 1.19965 1.20041 0.000908661 
631000000 0.00416113 0.00156574 -0.418781 -0.913667 -1.46668 -1.36601 0.743769 -1.04134 -0.793029 3.14271 0.446033 0.882316 1.19946 1.19964 1.20041 0.00537112 
651000000 0.00416403 0.00157568 -0.418796 -0.916475 -1.46668 -1.35406 0.74377 -1.04013 -0.79303 3.14107 0.446033 0.904815 1.19946 1.19965 1.20042 -0.0050635 
671000000 0.0041626 0.0015768 -0.418811 -0.915906 -1.46668 -1.37522 0.743772 -1.02634 -0.79303 3.14228 0.446033 0.897388 1.19946 1.19965 1.20042 -0.00143803 
691000000 0.00416177 0.00157467 -0.418825 -0.914911 -1.46667 -1.35148 0.743775 -1.05 -0.79303 3.1393 0.446033 0.894217 1.19946 1.19965 1.20043 0.000678881 
711000000 0.00416444 0.0015798 -0.418844 -0.914957 -1.46667 -1.36734 0.743775 -1.04053 -0.793031 3.14209 0.446033 0.890054 1.19946 1.19964 1.20043 0.000706056 
731000000 0.0041636 0.00157652 -0.418858 -0.913402 -1.46667 -1.34713 0.743778 -1.05551 -0.793031 3.14165 0.446033 0.896142 1.19946 1.19964 1.20044 0.00631529 
751000000 0.00416012 0.00158035 -0.418874 -0.914915 -1.46666 -1.36902 0.743781 -1.03682 -0.793031 3.14203 0.446033 0.895621 1.19946 1.19964 1.20044 0.00119661 
771000000 0.00416516 0.00158351 -0.418888 -0.916158 -1.46667 -1.35098 0.743781 -1.05111 -0.793031 3.13608 0.446033 0.892335 1.19946 1.19964 1.20045 -0.00505457 
791000000 0.00416331 0.00158292 -0.418907 -0.915805 -1.46666 -1.3648 0.743783 -1.04023 -0.793032 3.13784 0.446033 0.889984 1.19946 1.19964 1.20045 -0.00318805 
811000000 0.00416538 0.00158305 -0.418919 -0.916658 -1.46666 -1.35578 0.743783 -1.04493 -0.793032 3.1377 0.446033 0.895137 1.19946 1.19964 1.20046 -0.00734802 
831000000 0.00416115 0.00158046 -0.418937 -0.915402 -1.46666 -1.36643 0.743788 -1.03876 -0.793032 3.1447 0.446033 0.891069 1.19946 1.19964 1.20046 0.000355108 
851000000 0.0041649 0.0015828 -0.41895 -0.915144 -1.46666 -1.35131 0.743787 -1.05072 -0.793033 3.14318 0.446033 0.895223 1.19946 1.19964 1.20047 -0.000266441 
871000000 0.00416626 0.00158465 -0.418969 -0.91498 -1.46665 -1.36718 0.743788 -1.03864 -0.793033 3.14253 0.446033 0.890728 1.19946 1.19964 1.20047 0.00250253 
891000000 0.00416736 0.00158677 -0.418982 -0.915769 -1.46665 -1.35631 0.743789 -1.0364 -0.793033 3.14164 0.446033 0.907468 1.19946 1.19964 1.20048 -0.00262819 
911000000 0.00416219 0.00158432 -0.418997 -0.914895 -1.46665 -1.36872 0.743793 -1.0348 -0.793033 3.14065 0.446033 0.897996 1.19946 1.19964 1.20048 0.000960383 
931000000 0.0041673 0.00158808 -0.419015 -0.915447 -1.46665 -1.35182 0.743793 -1.04693 -0.793034 3.14164 0.446033 0.897324 1.19946 1.19964 1.20049 -0.00095237 
951000000 0.00416276 0.0015875 -0.419029 -0.915426 -1.46665 -1.36898 0.743796 -1.03569 -0.793034 3.13973 0.446033 0.891266 1.19946 1.19964 1.20049 -0.00200963 
971000000 0.00416785 0.0015896 -0.419046 -0.915873 -1.46664 -1.34902 0.743797 -1.05435 -0.793034 3.14267 0.446033 0.892079 1.19947 1.19964 1.20049 -0.00172624 
991000000 0.00416232 0.00158812 -0.419057 -0.915476 -1.46665 -1.3701 0.743799 -1.03178 -0.793035 3.14097 0.446033 0.896509 1.19947 1.19964 1.2005 3.70763e-06 
11000000 0.00416626 0.00158811 -0.419079 -0.9152 -1.46664 -1.34967 0.743801 -1.05532 -0.793035 3.14312 0.446033 0.890964 1.19947 1.19964 1.2005 0.00114321 
31000000 0.00416339 0.00159242 -0.419088 -0.915112 -1.46664 -1.36871 0.743801 -1.03389 -0.793035 3.14431 0.446033 0.893439 1.19947 1.19964 1.20051 0.00130687 
51000000 0.00416714 0.00159598 -0.41911 -0.915736 -1.46663 -1.35738 0.743803 -1.04129 -0.793035 3.14493 0.446033 0.900215 1.19947 1.19964 1.20051 0.000826992 
71000000 0.00416432 0.00159062 -0.419118 -0.913333 -1.46664 -1.35909 0.743803 -1.04303 -0.793036 3.13972 0.446032 0.893916 1.19947 1.19964 1.20052 0.00414234 
91000000 0.00416498 0.00159173 -0.41914 -0.913547 -1.46663 -1.36665 0.743806 -1.03556 -0.793036 3.13941 0.446033 0.893971 1.19947 1.19964 1.20052 0.00568124 
111000000 0.00416865 0.00159876 -0.419154 -0.915694 -1.46663 -1.3543 0.743806 -1.04745 -0.793037 3.13285 0.446032 0.891104 1.19947 1.19964 1.20053 -0.00465544 
131000000 0.00416687 0.00159561 -0.41917 -0.911953 -1.46663 -1.36356 0.743807 -1.04115 -0.793037 3.14385 0.446032 0.894602 1.19947 1.19964 1.20053 0.0117494 
151000000 0.00416438 0.00159475 -0.419189 -0.914953 -1.46662 -1.36057 0.743813 -1.04436 -0.793037 3.13012 0.446033 0.889724 1.19947 1.19964 1.20054 -0.00251614 
171000000 0.00416962 0.00159593 -0.419203 -0.913887 -1.46662 -1.35708 0.743811 -1.04546 -0.793037 3.14198 0.446032 0.88755 1.19947 1.19964 1.20054 0.00769995 
191000000 0.00416553 0.00159551 -0.419214 -0.915329 -1.46662 -1.35867 0.743813 -1.04229 -0.793038 3.13692 0.446032 0.900602 1.19947 1.19964 1.20055 -0.00268118 
211000000 0.00416749 0.00159518 -0.419232 -0.914079 -1.46662 -1.35114 0.743813 -1.06491 -0.793038 3.14159 0.446032 0.88075 1.19947 1.19964 1.20055 0.00354459 
231000000 0.00416471 0.00159817 -0.41925 -0.914986 -1.46661 -1.36704 0.743818 -1.03158 -0.793038 3.13716 0.446032 0.899798 1.19947 1.19964 1.20056 0.000154282 
251000000 0.00416652 0.00159814 -0.419262 -0.916192 -1.46662 -1.35442 0.743818 -1.04947 -0.793039 3.13735 0.446032 0.883865 1.19947 1.19964 1.20056 -0.00528985 
271000000 0.00416772 0.00159618 -0.419281 -0.912795 -1.46661 -1.36598 0.743819 -1.03607 -0.793039 3.1531 0.446032 0.902479 1.19947 1.19964 1.20057 0.0115715 
291000000 0.00417138 0.0015956 -0.419297 -0.918637 -1.46661 -1.35204 0.743821 -1.05151 -0.793039 3.14043 0.446032 0.89252 1.19947 1.19964 1.20057 -0.0133878 
311000000 0.00416937 0.0015992 -0.419308 -0.912618 -1.46661 -1.3637 0.743822 -1.04117 -0.79304 3.14614 0.446032 0.897066 1.19947 1.19964 1.20058 0.0121924 
331000000 0.00417128 0.0015995 -0.41933 -0.919732 -1.4666 -1.35437 0.743824 -1.04957 -0.79304 3.13816 0.446032 0.892733 1.19947 1.19964 1.20058 -0.0179056 
351000000 0.00416884 0.00159424 -0.419338 -0.914439 -1.46661 -1.36028 0.743825 -1.04505 -0.79304 3.14938 0.446032 0.889249 1.19947 1.19964 1.20059 0.00589623 
371000000 0.00417152 0.00159863 -0.419361 -0.917064 -1.4666 -1.35697 0.743828 -1.04508 -0.79304 3.13847 0.446032 0.893917 1.19948 1.19964 1.20059 -0.00712696 
391000000 0.00416882 0.00159264 -0.419367 -0.914684 -1.4666 -1.36303 0.743829 -1.04056 -0.793041 3.14389 0.446032 0.892744 1.19948 1.19964 1.2006 0.00374891 
411000000 0.00417274 0.00159739 -0.419392 -0.914083 -1.46659 -1.36053 0.743831 -1.03961 -0.793041 3.14748 0.446032 0.893418 1.19948 1.19964 1.2006 0.00676128 
431000000 0.00416921 0.00159783 -0.419399 -0.9146 -1.4666 -1.36524 0.743833 -1.03758 -0.793041 3.14282 0.446032 0.89262 1.19948 1.19964 1.20061 0.00311276 
451000000 0.00417367 0.00159918 -0.419422 -0.914695 -1.46659 -1.35276 0.743834 -1.04722 -0.793041 3.14271 0.446032 0.897343 1.19948 1.19964 1.20061 0.00258279 
471000000 0.00416924 0.00160052 -0.41943 -0.914617 -1.46659 -1.37417 0.743836 -1.02673 -0.793042 3.14251 0.446032 0.897689 1.19948 1.19964 1.20062 0.00333927 
491000000 0.00417401 0.00160424 -0.419451 -0.915958 -1.46659 -1.34855 0.743837 -1.05331 -0.793042 3.14242 0.446032 0.895731 1.19948 1.19964 1.20062 -0.0025582 
511000000 0.00416973 0.00160419 -0.419463 -0.91501 -1.46659 -1.37295 0.74384 -1.02853 -0.793042 3.14208 0.446032 0.894238 1.19948 1.19964 1.20063 0.00122621 
531000000 0.00417578 0.0016061 -0.419484 -0.915394 -1.46658 -1.34936 0.74384 -1.05412 -0.793043 3.14276 0.446032 0.894393 1.19948 1.19963 1.20063 -0.00053018 
551000000 0.00417324 0.00160775 -0.419487 -0.915057 -1.46658 -1.36105 0.743841 -1.05253 -0.793043 3.14269 0.446032 0.873543 1.19948 1.19963 1.20064 0.00135513 
571000000 0.00417218 0.00160405 -0.419509 -0.915665 -1.46657 -1.35578 0.743844 -1.04702 -0.793043 3.14236 0.446032 0.899943 1.19948 1.19963 1.20064 -0.00185003 
591000000 0.00417441 0.00160677 -0.419522 -0.915813 -1.46658 -1.3567 0.743843 -1.04517 -0.793044 3.15271 0.446032 0.898769 1.19948 1.19963 1.20065 0.0014582 
611000000 0.00416908 0.00161066 -0.419541 -0.916221 -1.46658 -1.36712 0.743846 -1.03778 -0.793044 3.13957 0.446032 0.880164 1.19948 1.19963 1.20065 -0.00655581 
631000000 0.00417299 0.00161483 -0.419563 -0.915464 -1.46657 -1.36138 0.743846 -1.04307 -0.793044 3.14249 0.446032 0.882095 1.19948 1.19963 1.20065 0.00109366 
651000000 0.00417175 0.00160643 -0.419582 -0.915297 -1.46657 -1.35937 0.743848 -1.03981 -0.793044 3.13593 0.446032 0.901712 1.19948 1.19963 1.20066 -0.00279283 
671000000 0.00417485 0.00160864 -0.419598 -0.915011 -1.46657 -1.35301 0.743848 -1.05116 -0.793045 3.14462 0.446032 0.889512 1.19948 1.19963 1.20067 0.00377714 
691000000 0.00417349 0.00161004 -0.419612 -0.91521 -1.46657 -1.3639 0.743849 -1.03911 -0.793045 3.14253 0.446031 0.894325 1.19948 1.19963 1.20067 0.000323311 
711000000 0.00417576 0.00160858 -0.419639 -0.91724 -1.46656 -1.36178 0.743852 -1.04076 -0.793045 3.13953 0.446032 0.893924 1.19948 1.19963 1.20067 -0.00817162 
731000000 0.00417677 0.00161139 -0.419652 -0.914943 -1.46656 -1.35546 0.743852 -1.04531 -0.793046 3.15992 0.446031 0.895453 1.19948 1.19963 1.20068 0.00584113 
751000000 0.004171 0.00161199 -0.41967 -0.91568 -1.46656 -1.3676 0.743855 -1.0395 -0.793046 3.13237 0.446032 0.88434 1.19948 1.19963 1.20068 -0.00528656 
771000000 0.00417675 0.00161301 -0.419688 -0.91566 -1.46656 -1.35044 0.743854 -1.05265 -0.793047 3.14773 0.446031 0.891079 1.19949 1.19963 1.20069 0.000216586 
791000000 0.00417466 0.00161361 -0.419707 -0.917259 -1.46656 -1.36302 0.743857 -1.04893 -0.793047 3.14193 0.446031 0.882965 1.19949 1.19963 1.20069 -0.0064863 
811000000 0.00417269 0.00161171 -0.419724 -0.91471 -1.46655 -1.34929 0.74386 -1.0525 -0.793047 3.14243 0.446031 0.892682 1.19949 1.19963 1.2007 0.0022313 
831000000 0.004172 0.00161146 -0.419742 -0.914564 -1.46655 -1.37394 0.743861 -1.02907 -0.793047 3.14347 0.446031 0.89142 1.19949 1.19963 1.2007 0.00362451 
851000000 0.00417711 0.00162 -0.419758 -0.914461 -1.46655 -1.34708 0.74386 -1.05639 -0.793048 3.14499 0.446031 0.894146 1.19949 1.19963 1.20071 0.00430819 
871000000 0.00417558 0.00161918 -0.419779 -0.914663 -1.46654 -1.36963 0.743863 -1.0359 -0.793048 3.1435 0.446031 0.888417 1.19949 1.19963 1.20071 0.0017339 
891000000 0.00417564 0.00161961 -0.419792 -0.916787 -1.46655 -1.35098 0.743865 -1.04905 -0.793048 3.14201 0.446031 0.89707 1.19949 1.19963 1.20072 -0.00613964 
911000000 0.00417192 0.00161766 -0.419814 -0.916994 -1.46654 -1.36363 0.743868 -1.04536 -0.793048 3.13945 0.446031 0.885548 1.19949 1.19963 1.20072 -0.00766855 
931000000 0.00417721 0.00162194 -0.419829 -0.915333 -1.46654 -1.35444 0.743867 -1.04672 -0.793049 3.13776 0.446031 0.895008 1.19949 1.19963 1.20073 -0.000276772 
951000000 0.00417458 0.00161989 -0.419849 -0.91426 -1.46653 -1.36651 0.74387 -1.03947 -0.793049 3.1512 0.446031 0.894427 1.19949 1.19963 1.20073 0.00682433 
971000000 0.00417714 0.00162058 -0.419863 -0.91605 -1.46654 -1.3529 0.74387 -1.04648 -0.793049 3.14835 0.446031 0.898858 1.19949 1.19963 1.20074 -0.000532586 
991000000 0.00417622 0.00162498 -0.419884 -0.915348 -1.46653 -1.37077 0.743872 -1.0318 -0.79305 3.1399 0.446031 0.894556 1.19949 1.19962 1.20074 -0.00141421 
11000000 0.00417692 0.0016267 -0.4199 -0.9158 -1.46653 -1.34807 0.743873 -1.05663 -0.79305 3.1419 0.446031 0.889778 1.19949 1.19962 1.20075 -0.0015666 
31000000 0.00417183 0.00162165 -0.419917 -0.913648 -1.46653 -1.36637 0.743877 -1.04231 -0.79305 3.14032 0.446031 0.886994 1.19949 1.19962 1.20075 0.00548954 
51000000 0.00417459 0.0016212 -0.419937 -0.915608 -1.46652 -1.34819 0.743877 -1.05507 -0.79305 3.13719 0.446031 0.89614 1.19949 1.19962 1.20075 -0.00525318 
71000000 0.00417656 0.00162442 -0.419953 -0.91569 -1.46652 -1.36947 0.743876 -1.0349 -0.793051 3.1405 0.446031 0.891216 1.19949 1.19962 1.20076 -0.00248434 
91000000 0.00417635 0.00162694 -0.419973 -0.916508 -1.46652 -1.35198 0.74388 -1.05059 -0.793051 3.14365 0.446031 0.887488 1.19949 1.19962 1.20076 -0.0037733 
111000000 0.00417523 0.00162001 -0.419987 -0.914862 -1.46652 -1.36891 0.743879 -1.03619 -0.793052 3.14118 0.446031 0.885573 1.19949 1.19962 1.20077 0.000963754 
131000000 0.00417452 0.00162256 -0.420008 -0.915244 -1.46651 -1.35083 0.743883 -1.05336 -0.793052 3.13903 0.446031 0.898094 1.19949 1.19962 1.20077 -1.30506e-05 
151000000 0.00417416 0.00161971 -0.420019 -0.914075 -1.46652 -1.36079 0.743882 -1.04164 -0.793052 3.14167 0.446031 0.892684 1.19949 1.19962 1.20078 0.00484469 
171000000 0.00417315 0.00162209 -0.420038 -0.9156 -1.46651 -1.36382 0.743885 -1.03972 -0.793052 3.13746 0.446031 0.896561 1.1995 1.19962 1.20078 -0.00243391 
191000000 0.00417805 0.00162697 -0.42006 -0.915079 -1.46651 -1.35561 0.743886 -1.04699 -0.793053 3.14186 0.446031 0.892206 1.1995 1.19962 1.20079 0.000174414 
211000000 0.0041743 0.00162664 -0.420071 -0.914238 -1.46651 -1.36174 0.743887 -1.04347 -0.793053 3.1319 0.446031 0.884789 1.1995 1.19962 1.20079 0.00075591 
231000000 0.00417823 0.00163062 -0.420096 -0.915444 -1.4665 -1.35758 0.74389 -1.04633 -0.793053 3.14767 0.446031 0.894748 1.1995 1.19962 1.2008 0.00115875 
251000000 0.00417647 0.00162941 -0.420105 -0.916103 -1.46651 -1.35778 0.74389 -1.04762 -0.793054 3.14084 0.446031 0.888879 1.1995 1.19962 1.2008 -0.0026092 
271000000 0.00417613 0.00162762 -0.420128 -0.916316 -1.4665 -1.36426 0.743893 -1.03817 -0.793054 3.14348 0.446031 0.89339 1.1995 1.19962 1.20081 -0.00269108 
291000000 0.00418001 0.00162969 -0.420142 -0.914596 -1.4665 -1.35227 0.743893 -1.05041 -0.793054 3.14415 0.446031 0.895462 1.1995 1.19962 1.20081 0.00411409 
311000000 0.00417661 0.00163524 -0.420159 -0.915559 -1.4665 -1.35796 0.743896 -1.05504 -0.793054 3.13807 0.446031 0.881195 1.1995 1.19962 1.20082 -0.00140739 
331000000 0.00417911 0.00163565 -0.42018 -0.913906 -1.46649 -1.35626 0.743898 -1.05101 -0.793054 3.13711 0.446031 0.8874 1.1995 1.19962 1.20082 0.00503613 
351000000 0.00417512 0.00163341 -0.420194 -0.915635 -1.46649 -1.35924 0.743901 -1.04441 -0.793055 3.14008 0.446031 0.885956 1.1995 1.19962 1.20082 -0.0010446 
371000000 0.0041752 0.00163446 -0.420208 -0.913519 -1.46649 -1.35728 0.743902 -1.03976 -0.793055 3.13874 0.446031 0.902608 1.1995 1.19962 1.20083 0.00561113 
391000000 0.0041807 0.00163858 -0.420224 -0.915863 -1.46649 -1.35905 0.7439 -1.04331 -0.793056 3.14266 0.446031 0.887715 1.1995 1.19962 1.20084 -0.00249286 
411000000 0.00417655 0.0016339 -0.420241 -0.916151 -1.46648 -1.35844 0.743904 -1.052 -0.793056 3.14718 0.446031 0.890269 1.1995 1.19962 1.20084 -0.00202935 
431000000 0.00417727 0.00163484 -0.420263 -0.916203 -1.46648 -1.3589 0.743908 -1.04364 -0.793056 3.14418 0.446031 0.897747 1.1995 1.19962 1.20084 -0.00383884 
451000000 0.00417848 0.00163599 -0.420274 -0.914167 -1.46648 -1.35442 0.743907 -1.0467 -0.793056 3.14203 0.446031 0.899368 1.1995 1.19962 1.20085 0.00343461 
471000000 0.00417672 0.00163794 -0.420291 -0.916713 -1.46648 -1.36154 0.74391 -1.04595 -0.793057 3.14327 0.446031 0.892636 1.1995 1.19962 1.20085 -0.0045415 
491000000 0.00417843 0.00163637 -0.420309 -0.913988 -1.46647 -1.36252 0.743911 -1.03936 -0.793057 3.14058 0.446031 0.898647 1.1995 1.19962 1.20086 0.00576713 
511000000 0.0041788 0.00163604 -0.420325 -0.914338 -1.46647 -1.36038 0.743913 -1.03722 -0.793057 3.13649 0.446031 0.901983 1.1995 1.19962 1.20086 0.00132679 
531000000 0.00418164 0.0016437 -0.420339 -0.913804 -1.46647 -1.35481 0.743913 -1.04569 -0.793058 3.13488 0.44603 0.891706 1.1995 1.19962 1.20087 0.00380548 
551000000 0.00417779 0.00163932 -0.420356 -0.914547 -1.46647 -1.36293 0.743917 -1.04967 -0.793058 3.14013 0.446031 0.881088 1.1995 1.19962 1.20087 0.00218012 
571000000 0.00418322 0.00164234 -0.420375 -0.915673 -1.46646 -1.34931 0.743917 -1.05504 -0.793058 3.1392 0.44603 0.889783 1.19951 1.19962 1.20088 -0.00264748 
591000000 0.00418092 0.00164066 -0.420387 -0.916337 -1.46647 -1.36646 0.743919 -1.03751 -0.793059 3.13962 0.44603 0.891857 1.19951 1.19962 1.20088 -0.00411783 
611000000 0.00417919 0.00163705 -0.420409 -0.913493 -1.46646 -1.36023 0.743924 -1.04294 -0.793058 3.13594 0.446031 0.888279 1.19951 1.19962 1.20089 0.00445458 
631000000 0.00417997 0.00163812 -0.420418 -0.914405 -1.46646 -1.35395 0.743922 -1.05029 -0.793059 3.1312 0.44603 0.889544 1.19951 1.19962 1.20089 -0.00106567 
651000000 0.00418118 0.00163635 -0.420438 -0.914218 -1.46646 -1.36715 0.743924 -1.03655 -0.793059 3.15205 0.44603 0.889802 1.19951 1.19962 1.2009 0.00745519 
671000000 0.00418218 0.00164115 -0.420457 -0.917507 -1.46645 -1.35912 0.743927 -1.04287 -0.793059 3.13246 0.44603 0.895344 1.19951 1.19962 1.2009 -0.00997453 
691000000 0.00418363 0.00163666 -0.42047 -0.913342 -1.46645 -1.35437 0.743927 -1.04943 -0.79306 3.14494 0.44603 0.893488 1.19951 1.19962 1.20091 0.00753908 
711000000 0.00418193 0.00163736 -0.420485 -0.914822 -1.46645 -1.3615 0.743929 -1.04552 -0.79306 3.14584 0.44603 0.888446 1.19951 1.19962 1.20091 0.00334461 
731000000 0.00418128 0.00163782 -0.420504 -0.915467 -1.46645 -1.36109 0.743932 -1.04509 -0.79306 3.13912 0.44603 0.888658 1.19951 1.19962 1.20091 -0.00216807 
751000000 0.00418342 0.00163491 -0.420519 -0.914858 -1.46645 -1.35619 0.743932 -1.0434 -0.793061 3.13996 0.44603 0.898648 1.19951 1.19962 1.20092 0.000884644 
771000000 0.00418511 0.00164034 -0.420531 -0.913838 -1.46645 -1.35785 0.743933 -1.04654 -0.793061 3.14093 0.44603 0.889041 1.19951 1.19962 1.20093 0.0060317 
791000000 0.00418476 0.00164074 -0.420551 -0.914998 -1.46644 -1.36711 0.743935 -1.03699 -0.793061 3.13971 0.44603 0.891629 1.19951 1.19962 1.20093 0.00170881 
811000000 0.00418648 0.00163682 -0.420567 -0.913155 -1.46644 -1.35324 0.743937 -1.04956 -0.793062 3.14305 0.44603 0.893323 1.19951 1.19962 1.20093 0.00735434 
831000000 0.00418829 0.00163812 -0.420581 -0.916884 -1.46644 -1.35956 0.743938 -1.04225 -0.793062 3.15027 0.44603 0.892308 1.19951 1.19962 1.20094 -0.0035049 
851000000 0.00418262 0.00163893 -0.420594 -0.915371 -1.46644 -1.36295 0.743941 -1.03955 -0.793062 3.13376 0.44603 0.895466 1.19951 1.19962 1.20094 -0.00359451 
871000000 0.00418543 0.00163644 -0.420614 -0.912686 -1.46643 -1.3631 0.743941 -1.03993 -0.793063 3.14451 0.44603 0.898982 1.19951 1.19962 1.20095 0.00798692 
891000000 0.00418768 0.00164124 -0.420632 -0.916224 -1.46643 -1.36535 0.743944 -1.03289 -0.793063 3.13461 0.44603 0.902131 1.19951 1.19962 1.20095 -0.00443923 
911000000 0.00418923 0.0016423 -0.420641 -0.912993 -1.46643 -1.35605 0.743944 -1.03901 -0.793063 3.14653 0.44603 0.90341 1.19951 1.19962 1.20096 0.0121358 
931000000 0.00418585 0.00164575 -0.420659 -0.916255 -1.46642 -1.36982 0.743948 -1.03319 -0.793063 3.12485 0.44603 0.892678 1.19951 1.19962 1.20096 -0.00849243 
951000000 0.00418986 0.00164354 -0.420672 -0.9138 -1.46642 -1.35223 0.743949 -1.04965 -0.793064 3.15164 0.44603 0.888313 1.19951 1.19962 1.20097 0.0104691 
971000000 0.00418676 0.00164427 -0.420686 -0.916424 -1.46642 -1.36543 0.743952 -1.04098 -0.793064 3.13354 0.44603 0.897379 1.19951 1.19962 1.20097 -0.00655701 
991000000 0.00419142 0.00164311 -0.420688 -0.915271 -1.46642 -1.34941 0.74395 -1.0542 -0.793064 3.14212 0.44603 0.894082 1.19952 1.19962 1.20098 -0.000175287 
11000000 0.00418545 0.0016392 -0.420693 -0.914448 -1.46642 -1.36852 0.743953 -1.0349 -0.793065 3.13928 0.44603 0.897524 1.19952 1.19962 1.20098 0.00168461 
31000000 0.00418928 0.00164335 -0.420702 -0.916156 -1.46641 -1.35151 0.743953 -1.05146 -0.793065 3.13989 0.44603 0.894371 1.19952 1.19962 1.20099 -0.00399431 
51000000 0.00418862 0.00163975 -0.420726 -0.914966 -1.46641 -1.36945 0.743953 -1.03301 -0.793065 3.14184 0.44603 0.896419 1.19952 1.19962 1.20099 0.00094975 
71000000 0.00418831 0.00164038 -0.420752 -0.916317 -1.4664 -1.35474 0.743957 -1.04795 -0.793065 3.14273 0.44603 0.895366 1.19952 1.19962 1.20099 -0.00399626 
91000000 0.0041879 0.00164414 -0.420769 -0.915598 -1.46641 -1.36539 0.743956 -1.03629 -0.793066 3.14165 0.44603 0.89473 1.19952 1.19962 1.201 -0.000430733 
111000000 0.00418579 0.00164019 -0.420799 -0.91296 -1.4664 -1.35774 0.743961 -1.04754 -0.793066 3.13573 0.44603 0.887283 1.19952 1.19962 1.201 0.00531884 
131000000 0.00418759 0.00164122 -0.420814 -0.913655 -1.4664 -1.35847 0.743958 -1.04229 -0.793067 3.13517 0.44603 0.896387 1.19952 1.19961 1.20101 0.00261617 
151000000 0.00418882 0.00164603 -0.420842 -0.915324 -1.46639 -1.36625 0.743962 -1.03803 -0.793067 3.14516 0.44603 0.888503 1.19952 1.19961 1.20101 0.00285007 
171000000 0.00418631 0.00164288 -0.420859 -0.916253 -1.4664 -1.35479 0.743963 -1.04413 -0.793067 3.14164 0.44603 0.901165 1.19952 1.19961 1.20102 -0.00555293 
191000000 0.00418967 0.00164703 -0.420883 -0.913592 -1.46639 -1.36262 0.743963 -1.04584 -0.793067 3.14781 0.44603 0.887661 1.19952 1.19961 1.20102 0.00897477 
211000000 0.00418422 0.00164478 -0.420906 -0.914921 -1.46639 -1.3529 0.743968 -1.05258 -0.793067 3.12962 0.44603 0.889607 1.19952 1.19961 1.20103 -0.00263598 
231000000 0.00418518 0.00164188 -0.420923 -0.91506 -1.46639 -1.3598 0.743967 -1.04242 -0.793068 3.14254 0.44603 0.896027 1.19952 1.19961 1.20103 0.00154352 
251000000 0.00418703 0.0016446 -0.42095 -0.915326 -1.46638 -1.36281 0.743969 -1.0422 -0.793068 3.14184 0.44603 0.895543 1.19952 1.19961 1.20103 0.000660945 
271000000 0.00418887 0.00164647 -0.420973 -0.919201 -1.46638 -1.36054 0.74397 -1.03812 -0.793068 3.14823 0.44603 0.896898 1.19952 1.19961 1.20104 -0.0109101 
291000000 0.00418528 0.00164706 -0.42099 -0.913534 -1.46638 -1.35519 0.743971 -1.04766 -0.793069 3.13533 0.44603 0.894896 1.19952 1.19961 1.20105 0.00361966 
311000000 0.00418464 0.00164721 -0.421014 -0.914916 -1.46637 -1.36521 0.743973 -1.03987 -0.793069 3.13699 0.44603 0.897358 1.19952 1.19961 1.20105 -0.000227018 
331000000 0.00418617 0.00164473 -0.421038 -0.913237 -1.46637 -1.35431 0.743974 -1.04911 -0.793069 3.13622 0.44603 0.893124 1.19952 1.19961 1.20105 0.00385357 
351000000 0.00419017 0.00164691 -0.421056 -0.916915 -1.46637 -1.36128 0.743973 -1.03861 -0.79307 3.1515 0.446029 0.896343 1.19952 1.19961 1.20106 -0.00319444 
371000000 0.00418384 0.00164617 -0.421076 -0.916644 -1.46637 -1.36044 0.743978 -1.04808 -0.79307 3.14065 0.44603 0.886208 1.19952 1.19961 1.20106 -0.00708292 
391000000 0.00418704 0.00164619 -0.421101 -0.913615 -1.46636 -1.36264 0.743978 -1.0395 -0.79307 3.14331 0.44603 0.895314 1.19953 1.19961 1.20107 0.00602314 
411000000 0.00418808 0.00165258 -0.421122 -0.917903 -1.46636 -1.35911 0.743981 -1.04351 -0.79307 3.14296 0.44603 0.894276 1.19953 1.19961 1.20107 -0.00856333 
